-5.0,0.157515802537
-4.00000000003,0.159959815792
-3.00000000006,0.0970450631285
-2.00000000015,0.16243873327
-1.00000000017,0.101688694553
-1.99701893688e-10,0.0776276487022
0.999999999741,0.17809142539
1.99999999972,0.109380467664
2.99999999966,0.157214942097
3.9999999996,0.116460809489
4.99999999961,0.0532570640571
5.99999999948,0.103251289231
6.99999999949,0.11884108169
7.9999999994,0.120617715107
8.9999999994,0.0669653889181
9.99999999931,0.030599122183
10.9999999993,0.0135311583745
11.9999999993,-0.077747583884
12.9999999992,-0.0437411059429
13.9999999992,-0.154836803209
14.9999999991,-0.221736196239
15.9999999991,-0.185228623646
16.999999999,-0.28769364662
17.999999999,-0.390123831894
18.9999999989,-0.452720635338
19.9999999989,-0.651472598081
20.9999999988,-0.752297014464
21.9999999988,-0.662413522834
22.9999999988,-1.08516172459
23.9999999988,-0.961415051715
24.9999999987,-1.16242061974
25.9999999987,-1.15080472641
26.9999999986,-1.14664827753
27.9999999986,-1.14348255564
28.9999999985,-1.07375497255
29.9999999985,-0.976878570858
30.9999999984,-0.788151565706
31.9999999984,-0.864312208025
32.9999999984,-0.551580661089
33.9999999983,-0.588648049656
34.9999999983,-0.59111808335
35.9999999982,-0.739941540174
36.9999999982,-1.33769359766
37.9999999982,-1.6560252544
38.9999999981,-2.24454278825
39.999999998,-2.81603897549
40.999999998,-3.15973515622
41.999999998,-3.50096273795
42.9999999979,-3.54311705008
43.9999999979,-3.55362632126
44.9999999978,-3.22594027407
45.9999999978,-2.83415954188
46.9999999977,-2.36374197155
47.9999999977,-1.83136731153
48.9999999976,-1.45336701209
49.9999999976,-1.15624766215
50.9999999976,-0.801026785048
51.9999999975,0.745900403941
52.9999999974,0.7102349333
53.9999999974,0.381031029916
54.9999999974,0.352945545572
55.9999999974,0.222776945913
56.9999999973,0.111578958546
57.9999999972,0.166428123404
58.9999999972,0.146585500213
59.9999999972,0.218076252801
60.9999999971,0.134323597755
61.9999999971,0.107594885281
62.9999999971,0.124709227588
63.999999997,0.190763280028
64.9999999969,0.164183415473
65.9999999969,0.173040811787
66.9999999969,0.141703870351
67.9999999968,0.106510654063
68.9999999968,0.120057323569
69.9999999967,0.149593728755
70.9999999967,0.220352966571
71.9999999967,0.160402874986
72.9999999966,0.124715637357
73.9999999966,0.181272758869
74.9999999965,0.178848482901
75.9999999965,0.16001476231
76.9999999964,0.10903669559
77.9999999964,0.0871415974543
78.9999999963,0.19146451517
79.9999999963,0.130239926861
80.9999999963,0.106138013987
81.9999999962,0.128414149629
82.9999999962,0.0898505732403
83.9999999961,0.113827829933
