-5.0,-0.448345046025
-3.99999999996,-0.407340108301
-2.99999999999,-0.344055915222
-1.99999999995,-0.42850313033
-0.999999999908,-0.549169183243
1.33134595792e-10,-0.522960532922
1.00000000014,-0.510730328038
2.00000000015,-0.512716635596
3.00000000019,-0.465403756127
4.00000000023,-0.440624142531
5.00000000027,-0.530879795086
6.00000000028,-0.554792871699
7.00000000029,-0.417543628253
8.00000000033,-0.483109583147
9.00000000033,-0.467656867579
10.0000000004,-0.417827863712
11.0000000004,-0.393892495893
12.0000000004,-0.527437301818
13.0000000005,-0.520046772901
14.0000000005,-0.449616901577
15.0000000005,-0.401876535499
16.0000000005,-0.492196092848
17.0000000006,-0.514557041693
18.0000000006,-0.534209947567
19.0000000006,-0.423931654543
20.0000000007,-0.463316407055
21.0000000006,-0.512341273017
22.0000000007,-0.510724178981
23.0000000007,-0.619493242819
24.0000000007,-0.593396498822
25.0000000008,-0.574655425735
26.0000000008,-0.626595797017
27.0000000008,-0.704717469402
28.0000000009,-0.722231831402
29.0000000009,-0.73489487078
30.0000000009,-0.828466085717
31.0000000009,-0.72191163525
32.000000001,-0.740902706981
33.0000000009,-0.578778040595
34.000000001,-0.531763907988
35.000000001,-0.450335851638
36.0000000011,-0.369230107055
37.0000000011,-0.24431915387
38.0000000012,-0.175417774371
39.0000000012,-0.0682098053512
40.0000000012,-0.00759893410577
41.0000000012,0.0717646346238
42.0000000012,0.0275753130773
43.0000000013,0.0593538917019
44.0000000013,0.0177958332133
45.0000000013,0.0954356128932
46.0000000013,-0.189370890053
47.0000000014,-0.313949209754
48.0000000014,-0.563702359796
49.0000000014,-0.672405625228
50.0000000014,-0.719631947577
51.0000000015,-0.764930017292
52.0000000015,-0.738210930489
53.0000000015,-0.669817258604
54.0000000015,-0.675301267765
55.0000000016,-0.749361094087
56.0000000016,-0.82888639532
57.0000000016,-0.817657292821
58.0000000017,-0.773963394575
59.0000000017,-0.78804593347
60.0000000017,-0.926125843078
61.0000000017,-0.720989133231
62.0000000018,-0.670189349912
63.0000000018,-0.516698383028
64.0000000018,-0.421566282632
65.0000000019,-0.228633193736
66.0000000018,0.0330686530542
67.0000000019,0.200028599706
68.0000000019,0.429301461671
69.0000000019,0.501456900965
70.000000002,0.582615172258
71.000000002,0.404322098941
72.000000002,0.181380461901
73.0000000021,-0.012306811288
74.0000000021,-0.592723864742
75.0000000021,-1.11961487518
76.0000000021,-1.43456036365
77.0000000021,-1.72188300919
78.0000000022,-1.99953525886
79.0000000022,-2.16716780327
80.0000000022,-2.24815811962
81.0000000023,-2.14631052688
82.0000000023,-1.71697138436
83.0000000023,-1.40405094624
84.0000000023,-1.024242552
