-4.99999999994,0.10717810702
-3.99999999996,0.139453789801
-3.00000000006,0.123913282485
-2.00000000008,0.0632971154555
-1.00000000011,-0.0239700492839
-1.33134595792e-10,0.0948266722698
0.999999999808,0.110519345733
1.99999999975,0.121825768729
2.99999999972,0.133131769137
3.99999999966,0.183049202198
4.99999999967,0.173707669484
5.99999999955,0.158569042324
6.99999999955,0.118654130885
7.99999999946,0.116286071192
8.99999999947,0.169791766559
9.99999999944,0.121280934662
10.9999999994,0.0782856080623
11.9999999994,0.167193852598
12.9999999993,0.128103563067
13.9999999993,0.127984882231
14.9999999992,0.113096017854
15.9999999992,0.0801670947912
16.9999999991,0.166029819055
17.9999999991,0.209273587447
18.999999999,0.0812040944438
19.999999999,0.0895926022204
20.999999999,0.102104955964
21.9999999989,0.00282910578062
22.9999999989,-0.0675030156672
23.9999999988,-0.053842916961
24.9999999988,-0.119024982014
25.9999999988,-0.157668523432
26.9999999987,-0.164533093572
27.9999999987,-0.186277822024
28.9999999986,-0.19661478269
29.9999999986,-0.175652996632
30.9999999986,-0.167027506643
31.9999999985,-0.0266166209985
32.9999999985,0.112895377926
33.9999999984,0.293685721263
34.9999999984,0.466566584073
35.9999999984,0.632632459514
36.9999999983,0.896685455926
37.9999999983,1.07195243426
38.9999999982,1.06746120937
39.9999999982,1.08253923059
40.9999999981,0.957884673961
41.9999999981,0.700876788236
42.9999999981,0.303872310586
43.999999998,-0.0360709853412
44.999999998,-0.343911247823
45.999999998,-0.642876058497
46.9999999979,-0.865381788695
47.9999999979,-0.942307638237
48.9999999978,-0.971033614594
49.9999999978,-0.878262383398
50.9999999978,-0.547455449589
51.9999999977,-0.391154808458
52.9999999976,-0.165420204226
53.9999999976,0.0210810589342
54.9999999976,0.101061410474
55.9999999976,0.0326419173739
56.9999999975,0.0816391556
57.9999999974,0.0548037488743
58.9999999974,0.0849403071807
59.9999999974,0.0871740571456
60.9999999973,0.108054170269
61.9999999973,0.116891039419
62.9999999973,0.116968800736
63.9999999972,0.145818286961
64.9999999971,0.163854414131
65.9999999972,0.162558769225
66.9999999971,0.147729877033
67.9999999971,0.136369219166
68.999999997,0.199457745999
69.9999999969,0.106680736528
70.9999999969,0.076138246106
71.9999999969,0.0615440247675
72.9999999968,0.150171989342
73.9999999968,0.166490024887
74.9999999968,0.162851111614
75.9999999967,0.195870623225
76.9999999967,0.109021766621
77.9999999967,0.034026899848
78.9999999966,0.0669485863036
79.9999999965,0.060021860656
80.9999999965,0.025625120863
81.9999999965,0.0858683892802
82.9999999965,0.0381290524383
83.9999999964,0.0560782807661
