-25.0,-2.4154824489
-24.0,-1.92358505945
-23.0000000001,-1.4434556112
-22.0000000002,-1.5922978201
-21.0000000002,-1.57611259293
-20.0000000002,-2.19413027298
-19.0000000003,-1.73536796596
-18.0000000003,-1.82112940002
-17.0000000004,-1.60555596156
-16.0000000005,-1.52823068469
-15.0000000005,-1.61311708865
-14.0000000006,-1.85919063824
-13.0000000006,-1.59669726788
-12.0000000007,-1.03506437794
-11.0000000007,-1.90775882407
-10.0000000008,-2.12778599694
-9.00000000083,-1.75891133731
-8.00000000093,-1.93170721786
-7.00000000095,-2.12673929367
-6.00000000098,-1.81256980507
-5.00000000107,-1.93628312741
-4.0000000011,-2.20285757507
-3.00000000119,-2.48569726667
-2.00000000121,-2.8262213421
-1.00000000124,-1.97929127699
-1.33134595792e-09,-1.62227676439
0.99999999861,-1.62409544164
1.99999999855,-1.67734887819
2.99999999853,-1.07639595783
3.99999999847,-1.11845829789
4.99999999841,-0.0246751758864
5.99999999835,0.655054633387
6.99999999829,1.04317843708
7.9999999982,1.64888268245
8.9999999982,2.3344151662
9.99999999815,1.68192161463
10.9999999981,2.02157060949
11.999999998,1.36260004959
12.999999998,0.801068817309
13.9999999979,1.38323785222
14.9999999979,0.984923901426
15.9999999978,-0.350269124488
16.9999999978,-1.60207027707
17.9999999977,-1.6584364635
18.9999999976,-2.41862198506
19.9999999976,-2.13662704372
20.9999999975,-2.2645659832
21.9999999975,-2.11451808801
22.9999999974,-2.37471817501
23.9999999974,-2.45189323762
24.9999999973,-2.51795376853
25.9999999973,-2.78761955302
26.9999999972,-2.07856803368
27.9999999972,-1.87823324464
28.9999999971,-2.55703287894
29.9999999971,-2.16383331145
30.999999997,-1.43800664212
31.9999999969,-0.172850653783
32.9999999969,0.737043819377
33.9999999968,1.81880792334
34.9999999968,3.83531474783
35.9999999967,5.15318470568
36.9999999967,8.4355235099
37.9999999966,10.9284203658
38.9999999966,12.7749055313
39.9999999965,13.3083359236
40.9999999965,12.7038402139
41.9999999964,10.2762260005
42.9999999964,8.31618421804
43.9999999963,5.44359954821
44.9999999963,2.37888264712
45.9999999962,-0.222969761142
46.9999999961,-2.05896910229
47.9999999961,-3.26097109114
48.999999996,-3.57620146073
49.999999996,-4.23855785735
50.9999999959,-2.94831534151
51.9999999959,-2.22244957311
52.9999999958,-1.77320029212
53.9999999958,-1.11831232475
54.9999999957,-1.48055584319
55.9999999957,-1.56465085987
56.9999999956,-1.28148430405
57.9999999955,-0.247155844094
58.9999999955,-0.962582890094
59.9999999955,-2.03898803842
60.9999999954,-1.99114236839
61.9999999953,-1.79365551717
62.9999999953,-1.58385748151
63.9999999952,-1.47299162406
64.9999999951,-1.28011459751
65.9999999951,-1.61093252632
66.9999999951,-1.52859666052
67.999999995,-1.03543439966
68.999999995,-1.06496020238
69.9999999949,-0.972921362233
70.9999999948,-1.03340199956
71.9999999948,-1.9968804037
72.9999999947,-1.08532622491
73.9999999947,-0.641035629782
74.9999999946,-1.83680955854
75.9999999946,-1.39301156309
76.9999999945,-1.12400330301
77.9999999945,-1.27609805401
78.9999999944,-2.04926009671
79.9999999944,-1.71599361488
80.9999999943,-1.24477101625
81.9999999943,-1.29025622344
82.9999999942,-1.78745657395
83.9999999941,-1.21338727245
84.9999999941,-1.56109257316
85.999999994,-1.46938917686
86.999999994,-1.69506820837
87.9999999939,-1.44987172799
88.9999999939,-1.86739836696
89.9999999938,-1.60419612741
90.9999999938,-1.22473520216
91.9999999937,-0.986552362983
92.9999999936,-0.831495344331
93.9999999936,-0.798600291326
