-5.0,0.280495525036
-4.00000000003,0.196482779378
-2.99999999999,0.325388153549
-2.00000000002,0.356284105219
-0.999999999974,0.502153337933
0.0,0.482257510535
1.00000000001,0.420540674124
2.00000000002,0.39319415763
3.00000000002,0.410823432263
4.0,0.341021217406
5.0,0.303188562393
6.00000000001,0.42718098592
7.00000000002,0.35362589173
7.99999999999,0.310195552418
9.00000000007,0.337234613951
9.99999999998,0.305227147415
11.0,0.315356620587
12.0,0.24090019695
13.0,0.187315573894
14.0000000001,0.170468491764
15.0,0.120226270906
16.0000000001,-0.000360231533705
17.0,-0.0772185981041
18.0,-0.13832949441
19.0,-0.189905735344
20.0000000001,-0.407230009005
21.0,-0.466830849997
22.0000000001,-0.541959988739
23.0,-0.741010219906
24.0,-0.925570672145
25.0000000001,-0.755220226478
26.0000000001,-1.01060281054
27.0000000001,-1.05053626164
28.0000000001,-0.998338614125
29.0000000001,-0.964170631953
30.0000000001,-0.874904703349
31.0000000001,-0.73327180068
32.0000000001,-0.77003892872
33.0000000001,-1.00611070613
34.0000000001,-1.76217470644
35.0000000001,-3.02295568585
36.0000000001,-4.02650717646
37.0000000001,-4.79190105945
38.0000000001,-5.1558951214
39.0000000001,-5.06598971784
40.0000000001,-4.81480223686
41.0000000001,-4.49768721312
42.0000000001,-3.89269638434
43.0000000001,-3.53052674979
44.0000000001,-3.09976376221
45.0000000001,-3.15232998691
46.0000000001,-3.43484216556
47.0000000001,-3.80163460597
48.0000000001,-3.91469684988
49.0000000001,-3.84019374475
50.0000000001,-3.71415160596
51.0000000001,-3.34758965299
52.0000000001,-2.82927124016
53.0000000001,-2.3764507398
54.0000000001,-0.816011440242
55.0000000001,1.05690133304
56.0000000002,0.252142715035
57.0000000001,0.436172267422
58.0000000001,0.454172317404
59.0000000001,0.525359307416
60.0000000002,0.468496790621
61.0000000002,0.479136202484
62.0000000002,0.51757821301
63.0000000002,0.547920125537
64.0000000002,0.502911658958
65.0000000001,0.546665760223
66.0000000002,0.560639970936
67.0000000002,0.474771800917
68.0000000002,0.465466967784
69.0000000001,0.476105865557
70.0000000002,0.448567524087
71.0000000002,0.37159569934
72.0000000002,0.458034497686
73.0000000002,0.533856459893
74.0000000002,0.428890936077
75.0000000002,0.426877904218
76.0000000002,0.475431886967
77.0000000002,0.417493701447
78.0000000002,0.358733306173
79.0000000002,0.439707779326
80.0000000002,0.424912643153
81.0000000002,0.389216762502
82.0000000002,0.345196619164
83.0000000002,0.378782272106
84.0000000002,0.376090783626
