-5.0,-0.431991257991
-3.99999999996,-0.839260076831
-2.99999999999,-1.01310748807
-1.99999999995,-1.1465586232
-0.999999999908,-2.17769485475
1.33134595792e-10,-1.11743408151
1.00000000014,-1.09803829791
2.00000000015,-1.63863482389
3.00000000019,-2.01727737219
4.00000000023,-1.95340344555
5.00000000027,-1.41643539413
6.00000000028,-2.42358561024
7.00000000029,-2.05173119784
8.00000000033,-1.37354159168
9.00000000033,-1.63967796948
10.0000000004,-1.52920334406
11.0000000004,-2.11141664084
12.0000000004,-1.82659440512
13.0000000005,-1.77793525513
14.0000000005,-1.60361331297
15.0000000005,-1.57665570837
16.0000000005,-1.48730680435
17.0000000006,-1.9424025139
18.0000000006,-1.59424830936
19.0000000006,-1.132920469
20.0000000007,-1.75126998847
21.0000000006,-2.17837932728
22.0000000007,-1.75592869777
23.0000000007,-1.8338291617
24.0000000007,-2.22200832736
25.0000000008,-1.80106339667
26.0000000008,-1.91570857112
27.0000000008,-2.16428284847
28.0000000009,-2.448109561
29.0000000009,-2.89585736164
30.0000000009,-2.0502100043
31.0000000009,-1.61471294777
32.000000001,-1.62231823623
33.0000000009,-1.67343159741
34.000000001,-1.19314555637
35.000000001,-1.07876557368
36.0000000011,-0.207590420171
37.0000000011,0.597155185256
38.0000000012,1.0327974369
39.0000000012,1.46513045585
40.0000000012,2.3461056498
41.0000000012,1.80532747764
42.0000000012,1.91141605502
43.0000000013,1.49466143282
44.0000000013,0.808570286946
45.0000000013,1.43460457451
46.0000000013,1.05411619368
47.0000000014,-0.0543423556114
48.0000000014,-1.54865357105
49.0000000014,-1.6902537172
50.0000000014,-2.27200309423
51.0000000015,-2.20549471718
52.0000000015,-2.28775056275
53.0000000015,-2.05887573935
54.0000000015,-2.37136079372
55.0000000016,-2.44258848259
56.0000000016,-2.51301896808
57.0000000016,-2.74067387265
58.0000000017,-2.19789261322
59.0000000017,-1.83566952824
60.0000000017,-2.64724043858
61.0000000017,-2.13248744536
62.0000000018,-1.70488853899
63.0000000018,-0.228616222224
64.0000000018,0.584975640975
65.0000000019,1.68866998462
66.0000000018,3.20316261667
67.0000000019,5.31191814744
68.0000000019,8.57677378795
69.0000000019,11.0461519586
70.000000002,14.4331187119
71.000000002,14.5647330966
72.000000002,13.7886526847
73.0000000021,11.8049460321
74.0000000021,8.92490144801
75.0000000021,5.86438139785
76.0000000021,1.93613310292
77.0000000021,-0.554664971234
78.0000000022,-2.51690964884
79.0000000022,-4.08247812524
80.0000000022,-4.32432857553
81.0000000023,-5.04675462399
82.0000000023,-3.58380887775
83.0000000023,-2.65722065336
84.0000000023,-1.91039862478
