-5.0,6.24842038443
-4.00000000003,3.72976707501
-2.99999999999,3.28135873042
-2.00000000002,1.86016728793
-0.999999999974,1.46957109627
0.0,1.41417419838
1.00000000001,0.60471830603
2.00000000002,0.379079859212
3.00000000002,0.702854085305
4.0,0.882808277948
5.0,0.804893272412
6.00000000001,1.00217974551
7.00000000002,0.43390129583
7.99999999999,0.498185201738
9.00000000007,0.426997936958
9.99999999998,0.426358013585
11.0,1.40317500778
12.0,0.270525451761
13.0,0.818614309002
14.0000000001,0.552257061365
15.0,0.686410986094
16.0000000001,0.722288882753
17.0,-0.013283414677
18.0,-0.249326039001
19.0,-0.184013491484
20.0000000001,-0.258202845251
21.0,-0.745206966977
22.0000000001,-1.57476118065
23.0,-1.30883073301
24.0,-1.72764171679
25.0000000001,-1.1603965878
26.0000000001,-1.78983843745
27.0000000001,-1.4942897795
28.0000000001,-0.992509567997
29.0000000001,0.177977484399
30.0000000001,1.40942622658
31.0000000001,3.98353563341
32.0000000001,7.24542600194
33.0000000001,9.63822081109
34.0000000001,10.8767299519
35.0000000001,13.2262690375
36.0000000001,16.0535850861
37.0000000001,19.9965447171
38.0000000001,26.2070513439
39.0000000001,32.4930278109
40.0000000001,43.1282005203
41.0000000001,53.7027704517
42.0000000001,60.300162087
43.0000000001,57.2358067901
44.0000000001,49.6489752689
45.0000000001,37.1272869875
46.0000000001,26.8287391462
47.0000000001,17.2285767684
48.0000000001,9.16000979799
49.0000000001,3.0290128938
50.0000000001,-0.663343428016
51.0000000001,-2.75828997394
52.0000000001,-2.48407922812
53.0000000001,-3.06118972502
54.0000000001,1.56106201886
55.0000000001,8.12821350757
56.0000000002,0.959704989428
57.0000000001,1.95463098062
58.0000000001,1.62153214528
59.0000000001,1.06362688375
60.0000000002,0.827732208806
61.0000000002,1.05784146594
62.0000000002,1.35228262046
63.0000000002,1.07021131274
64.0000000002,0.946208675456
65.0000000001,0.938547901854
66.0000000002,1.17857311306
67.0000000002,1.34551990214
68.0000000002,1.33921333173
69.0000000001,0.820990797209
70.0000000002,0.799312178371
71.0000000002,1.16437757923
72.0000000002,1.34996114881
73.0000000002,1.18592527363
74.0000000002,1.14794075679
75.0000000002,1.14021318994
76.0000000002,0.789826874303
77.0000000002,0.618505439207
78.0000000002,1.18946843555
79.0000000002,0.714174848139
80.0000000002,1.23231945638
81.0000000002,0.918967292899
82.0000000002,0.521597316085
83.0000000002,0.266621719507
84.0000000002,0.275785004676
