-4.99999999994,-0.128118076803
-3.99999999996,0.293762350016
-3.00000000006,0.627687837246
-2.00000000008,0.103510260095
-1.00000000011,0.430263504541
-1.33134595792e-10,0.207540785024
0.999999999808,0.359710072147
1.99999999975,0.43467386318
2.99999999972,0.447941899211
3.99999999966,0.674775933148
4.99999999967,0.0783590029742
5.99999999955,0.661314726037
6.99999999955,0.428782929721
7.99999999946,0.034638632719
8.99999999947,0.458478402847
9.99999999944,0.64435523027
10.9999999994,0.138290965506
11.9999999994,0.572303309139
12.9999999993,0.103176988774
13.9999999993,0.230004230965
14.9999999992,-0.446838128255
15.9999999992,-0.487005304127
16.9999999991,0.638452975932
17.9999999991,0.60625049829
18.999999999,-0.122842233383
19.999999999,-0.270329781117
20.999999999,0.107453505464
21.9999999989,-0.131516489823
22.9999999989,-0.112477596694
23.9999999988,0.123041097905
24.9999999988,-0.427157752234
25.9999999988,0.0849508008748
26.9999999987,-0.052675383937
27.9999999987,-0.526846030058
28.9999999986,-0.219268552412
29.9999999986,0.387540365642
30.9999999986,0.636119804187
31.9999999985,0.479674575841
32.9999999985,1.40735449173
33.9999999984,2.2306143509
34.9999999984,3.54419564272
35.9999999984,4.54139371825
36.9999999983,8.01325361064
37.9999999983,10.2509782288
38.9999999982,12.418226379
39.9999999982,13.0099365823
40.9999999981,12.4357870268
41.9999999981,9.93509471863
42.9999999981,6.69801352225
43.999999998,4.33502048153
44.999999998,2.44720018545
45.999999998,0.597591212724
46.9999999979,-0.561026106279
47.9999999979,-1.30664705047
48.9999999978,-1.82191304234
49.9999999978,-1.48543601348
50.9999999978,-0.652934793688
51.9999999977,-0.205571264163
52.9999999976,0.250553474818
53.9999999976,0.656177015565
54.9999999976,0.424914344804
55.9999999976,0.568684363145
56.9999999975,0.47429254918
57.9999999974,0.297274898925
58.9999999974,0.268990735574
59.9999999974,0.339729086912
60.9999999973,-0.0353201286625
61.9999999973,0.0745972747359
62.9999999973,-0.0683514593714
63.9999999972,-0.0476703250291
64.9999999971,-0.107474817877
65.9999999972,0.315741289087
66.9999999971,0.478751720053
67.9999999971,0.522556605234
68.999999997,-0.0778023881423
69.9999999969,0.333015883183
70.9999999969,0.251275689688
71.9999999969,0.0301382035457
72.9999999968,0.077510450821
73.9999999968,0.171497676379
74.9999999968,0.178493613264
75.9999999967,1.00137961283
76.9999999967,0.368602157626
77.9999999967,0.184019891705
78.9999999966,0.347165172714
79.9999999965,0.601644659113
80.9999999965,-0.183247363588
81.9999999965,-0.103022850779
82.9999999965,-0.0672394156864
83.9999999964,0.387413024741
