-5.0,0.944632442647
-3.99999999996,1.0012651103
-2.99999999992,1.16868443686
-1.99999999988,1.42482928263
-0.999999999908,0.721172574084
1.99701893688e-10,0.162775616834
1.00000000021,1.35042230688
2.00000000025,0.862312297023
3.00000000026,0.812746120188
4.0000000003,1.09599909611
5.00000000034,1.15354297359
6.00000000035,1.92516919326
7.00000000042,1.79383046829
8.00000000046,1.06483717809
9.00000000053,0.686336745464
10.0000000005,0.549750547556
11.0000000006,0.884914043415
12.0000000006,0.981465209224
13.0000000006,1.00485200104
14.0000000007,0.559337497795
15.0000000007,0.508675900836
16.0000000008,1.08222510843
17.0000000008,1.50948615814
18.0000000008,1.24679381725
19.0000000009,1.29944811902
20.0000000009,1.35418899887
21.0000000009,0.907154124358
22.000000001,1.20477640809
23.000000001,1.10680047697
24.000000001,0.578868701973
25.0000000011,0.513358904606
26.0000000011,0.710715190427
27.0000000011,0.920941701936
28.0000000012,0.552034925736
29.0000000012,0.989947775067
30.0000000013,0.614377031064
31.0000000013,1.31882749822
32.0000000013,1.50273580675
33.0000000013,2.56357076659
34.0000000014,5.31064721431
35.0000000015,2.73647280078
36.0000000015,7.07931498287
37.0000000015,21.3184025491
38.0000000016,32.4244049312
39.0000000016,44.6850519211
40.0000000016,51.1236797552
41.0000000017,53.8812653935
42.0000000017,53.7738519139
43.0000000018,50.3608224506
44.0000000018,41.1339327036
45.0000000019,33.4977743526
46.0000000019,22.6972363211
47.0000000019,11.6256178354
48.0000000019,5.75017774493
49.000000002,3.05419244034
50.000000002,1.92377982934
51.0000000021,1.59218945901
52.0000000021,1.37350403678
53.0000000021,1.14896642152
54.0000000021,1.20206749461
55.0000000022,1.11968515489
56.0000000022,1.34664358397
57.0000000023,1.54355340313
58.0000000023,1.55709471482
59.0000000023,1.50135184551
60.0000000024,2.11170310168
61.0000000024,2.16366675667
62.0000000025,1.91520635638
63.0000000025,2.05072573157
64.0000000026,1.82629509991
65.0000000025,1.05482947198
66.0000000026,0.764866318759
67.0000000026,0.961849227673
68.0000000027,0.677161739164
69.0000000027,0.631314420832
70.0000000028,0.876679188026
71.0000000028,1.30128242265
72.0000000028,1.01038454753
73.0000000029,1.0153685976
74.0000000029,0.95010693363
75.0000000029,1.06781268103
76.000000003,0.854873707598
77.000000003,1.23440369191
78.0000000031,1.29978513325
79.0000000031,1.21939631314
80.0000000031,1.45582301882
81.0000000032,1.1640888616
82.0000000032,1.17233524638
83.0000000032,1.65470159573
84.0000000033,2.01551731594
