-5.0,0.197614282625
-4.00000000003,0.750894362292
-3.00000000006,0.562352634972
-2.00000000015,0.282187779019
-1.00000000017,0.106822223397
-1.99701893688e-10,0.265830035242
0.999999999741,0.048823955736
1.99999999972,-0.267111500284
2.99999999966,-0.0186394528869
3.9999999996,0.0166955813346
4.99999999961,0.137002795156
5.99999999948,0.0296962162728
6.99999999949,-0.566762000732
7.9999999994,-0.265272859321
8.9999999994,-0.0720758149216
9.99999999931,-0.301360104026
10.9999999993,-0.0370585008109
11.9999999993,0.10375426549
12.9999999992,-0.430716925499
13.9999999992,-0.557265964833
14.9999999991,-0.678685652822
15.9999999991,-0.455028352807
16.999999999,-0.798579799309
17.999999999,-0.72400692242
18.9999999989,-1.13475676134
19.9999999989,-1.65923017562
20.9999999988,-1.51663371753
21.9999999988,-1.74310072602
22.9999999988,-2.60112826989
23.9999999988,-1.70135692687
24.9999999987,-2.2815648405
25.9999999987,-2.17568124126
26.9999999986,-2.3317801292
27.9999999986,-2.33683191082
28.9999999985,-1.50312940975
29.9999999985,-0.502963303766
30.9999999984,0.608810712392
31.9999999984,1.38237182998
32.9999999984,3.11421114046
33.9999999983,5.83746862587
34.9999999983,9.45666741463
35.9999999982,15.1608370873
36.9999999982,18.9263081838
37.9999999982,22.8658148312
38.9999999981,23.6813761659
39.999999998,23.3203647725
40.999999998,22.7626997147
41.999999998,19.7911472756
42.9999999979,16.3321811488
43.9999999979,13.1352768663
44.9999999978,11.3051046754
45.9999999978,9.6298413779
46.9999999977,7.60007432225
47.9999999977,5.53381222943
48.9999999976,4.34660778518
49.9999999976,2.75183210725
50.9999999976,3.05348851824
51.9999999975,6.63162840262
52.9999999974,5.00184849647
53.9999999974,2.38159194735
54.9999999974,2.32791099711
55.9999999974,1.79919922635
56.9999999973,0.864911471596
57.9999999972,0.896083204639
58.9999999972,0.481683778601
59.9999999972,0.549560094129
60.9999999971,0.601789280312
61.9999999971,0.335795985586
62.9999999971,0.262346067081
63.999999997,0.288369060124
64.9999999969,0.343796709565
65.9999999969,0.355126582766
66.9999999969,0.649951920252
67.9999999968,0.276954271296
68.9999999968,0.270118101114
69.9999999967,-0.219936243731
70.9999999967,0.558243776652
71.9999999967,0.30402236637
72.9999999966,0.261260449134
73.9999999966,0.580478779843
74.9999999965,0.479239452216
75.9999999965,0.348537110172
76.9999999964,-0.0292851423395
77.9999999964,-0.0559602854799
78.9999999963,0.260628899352
79.9999999963,0.194150252085
80.9999999963,0.515509678296
81.9999999962,0.248316404176
82.9999999962,-0.0751893932095
83.9999999961,0.473071765069
