-25.0,-1.65731428815
-24.0,-1.27079371016
-23.0000000001,-1.43605935797
-22.0000000002,-1.48499672804
-21.0000000002,-1.1108918275
-20.0000000002,-0.773426659877
-19.0000000003,-1.25991313323
-18.0000000003,-1.64723280666
-17.0000000004,-1.45310611511
-16.0000000005,-0.580674638608
-15.0000000005,-1.85376770474
-14.0000000006,-1.52294465224
-13.0000000006,-1.50427651243
-12.0000000007,-1.56595115892
-11.0000000007,-1.4961201909
-10.0000000008,-1.51044077745
-9.00000000083,-1.46571187929
-8.00000000093,-0.925475298648
-7.00000000095,-1.11528199988
-6.00000000098,-1.97064752572
-5.00000000107,-1.98369369701
-4.0000000011,-1.94972115132
-3.00000000119,-2.22988465587
-2.00000000121,-1.77361283019
-1.00000000124,-0.831137084753
-1.33134595792e-09,-0.110005525919
0.99999999861,0.257223007739
1.99999999855,1.87811083055
2.99999999853,4.09741749507
3.99999999847,6.76895141207
4.99999999841,11.2333561242
5.99999999835,15.2300409475
6.99999999829,17.174491921
7.9999999982,17.4793587797
8.9999999982,13.784066302
9.99999999815,8.95076463432
10.9999999981,5.83743300523
11.999999998,5.16698146769
12.999999998,3.91366464763
13.9999999979,2.11076630789
14.9999999979,0.578477350231
15.9999999978,-1.14645639298
16.9999999978,-1.85682250207
17.9999999977,-2.80858104666
18.9999999976,-3.35444938044
19.9999999976,-3.60303019917
20.9999999975,-3.80246909738
21.9999999975,-3.7476276111
22.9999999974,-3.61831982696
23.9999999974,-3.47772499807
24.9999999973,-2.689108878
25.9999999973,-2.21793039
26.9999999972,-1.50100188462
27.9999999972,-0.418344359748
28.9999999971,0.0539896955985
29.9999999971,1.41067524848
30.999999997,3.50179578835
31.9999999969,7.42419226179
32.9999999969,11.2014035369
33.9999999968,16.6876427487
34.9999999968,22.7429625672
35.9999999967,29.4613809637
36.9999999967,34.5466348478
37.9999999966,35.949433031
38.9999999966,35.385192613
39.9999999965,33.3115091721
40.9999999965,29.8758201008
41.9999999964,24.7515829652
42.9999999964,17.7695909728
43.9999999963,9.75853204952
44.9999999963,4.42753683458
45.9999999962,0.308065807102
46.9999999961,-4.35727401771
47.9999999961,-8.10691797657
48.999999996,-9.87871636113
49.999999996,-10.3033058391
50.9999999959,-10.0999344279
51.9999999959,-8.14141126174
52.9999999958,-6.42710123161
53.9999999958,-4.55942941563
54.9999999957,-3.65804510674
55.9999999957,-3.03420063436
56.9999999956,-2.21399315433
57.9999999955,-2.10268481577
58.9999999955,-1.84449001761
59.9999999955,-1.46687811772
60.9999999954,-1.10897705042
61.9999999953,-1.52315594902
62.9999999953,-1.10847827737
63.9999999952,-1.21570522588
64.9999999951,-1.33326714171
65.9999999951,-1.21724901364
66.9999999951,-1.08425018215
67.999999995,-1.42811169136
68.999999995,-2.59181010898
69.9999999949,-1.68707065875
70.9999999948,-1.07753128766
71.9999999948,-0.628748144617
72.9999999947,-0.857206353382
73.9999999947,-1.50584877114
74.9999999946,-1.49482252552
75.9999999946,-1.42354357071
76.9999999945,-0.980403081044
77.9999999945,-0.794054986484
78.9999999944,-1.48558743107
79.9999999944,-1.39343397098
80.9999999943,-1.34403957349
81.9999999943,-2.09945247406
82.9999999942,-1.61616192072
83.9999999941,-1.23809709709
84.9999999941,-1.06479838377
85.999999994,-1.16997299515
86.999999994,-1.52733525492
87.9999999939,-1.49800251483
88.9999999939,-1.51315949437
89.9999999938,-0.880835494755
90.9999999938,-0.438049330531
91.9999999937,-0.361721836597
92.9999999936,-1.04893059436
93.9999999936,-0.591061371055
