-5.0,0.653113188145
-4.00000000003,1.30863989163
-3.00000000006,1.20062231648
-2.00000000015,1.46662102943
-1.00000000017,0.8289429485
-1.99701893688e-10,0.362789186247
0.999999999741,0.137863068245
1.99999999972,0.469652441856
2.99999999966,0.720430916255
3.9999999996,0.511424686523
4.99999999961,0.536597119611
5.99999999948,0.593833045656
6.99999999949,0.967079194577
7.9999999994,1.80666070848
8.9999999994,1.22694225943
9.99999999931,1.12222509434
10.9999999993,1.46682690759
11.9999999993,1.03690722036
12.9999999992,1.31959492503
13.9999999992,1.25068270965
14.9999999991,0.788718315157
15.9999999991,0.714923977232
16.999999999,0.48990510661
17.999999999,0.526558788158
18.9999999989,0.486749161483
19.9999999989,0.112655709516
20.9999999988,0.392885219111
21.9999999988,0.502022429456
22.9999999988,0.810333266715
23.9999999988,0.33150435298
24.9999999987,1.10881126988
25.9999999987,1.49942000214
26.9999999986,1.98851682864
27.9999999986,3.35568114069
28.9999999985,5.66968079431
29.9999999985,8.48687137873
30.9999999984,12.0553477042
31.9999999984,15.233407543
32.9999999984,19.316331796
33.9999999983,23.0824155151
34.9999999983,25.9256362514
35.9999999982,29.6788730019
36.9999999982,33.6951156522
37.9999999982,39.0229790203
38.9999999981,43.6977903973
39.999999998,46.6977533115
40.999999998,47.980098633
41.999999998,44.5452990168
42.9999999979,38.7818035431
43.9999999979,32.2269470878
44.9999999978,26.5258819272
45.9999999978,21.9411224238
46.9999999977,19.0845903887
47.9999999977,15.41842672
48.9999999976,11.0864103776
49.9999999976,6.40781677077
50.9999999976,1.48848755815
51.9999999975,-0.633059685628
52.9999999974,-1.98512919628
53.9999999974,-2.09261317964
54.9999999974,-2.79343108837
55.9999999974,-3.00942507047
56.9999999973,-1.6788003271
57.9999999972,-0.851570172267
58.9999999972,-0.339743774223
59.9999999972,-0.253613069411
60.9999999971,0.0416438079623
61.9999999971,1.08022308481
62.9999999971,0.864216306409
63.999999997,0.755853899993
64.9999999969,0.903933202615
65.9999999969,1.0227207202
66.9999999969,1.32562760136
67.9999999968,1.0355306378
68.9999999968,1.13588633066
69.9999999967,1.41142936288
70.9999999967,1.23039276613
71.9999999967,1.44000155501
72.9999999966,1.09274208255
73.9999999966,0.765407011441
74.9999999965,1.17935060078
75.9999999965,1.24795932078
76.9999999964,1.14130825249
77.9999999964,1.07905510103
78.9999999963,0.972929561053
79.9999999963,0.846900736629
80.9999999963,0.775893076117
81.9999999962,0.791039473245
82.9999999962,1.33796216678
83.9999999961,0.962305804705
