-5.0,1.09543808363
-4.00000000003,1.16560043581
-2.99999999999,1.00166117679
-1.99999999995,0.722923046909
-0.999999999908,0.630095555447
1.33134595792e-10,0.42322739982
1.00000000014,0.255779955041
2.00000000015,0.185766879811
3.00000000019,0.113154706109
4.00000000023,0.182433153706
5.00000000027,0.340750176503
6.00000000028,0.309934922087
7.00000000029,0.258012413513
8.00000000033,0.267317763006
9.00000000033,0.198554226923
10.0000000004,0.157149516366
11.0000000004,0.224263430369
12.0000000004,0.243393364042
13.0000000005,0.258172289236
14.0000000005,0.34789314714
15.0000000005,0.216317144746
16.0000000006,0.172557491956
17.0000000006,0.149712813993
18.0000000006,0.230352204759
19.0000000006,0.104661136575
20.0000000007,0.125135393027
21.0000000007,0.173454859951
22.0000000007,0.0752532831975
23.0000000007,0.108254540639
24.0000000007,0.0999452368505
25.0000000008,0.148062391818
26.0000000008,0.234841229685
27.0000000008,0.330252625805
28.0000000009,0.523622773704
29.0000000009,0.639777765609
30.0000000009,0.92316852184
31.0000000009,1.24261209927
32.000000001,1.23679759866
33.000000001,0.890927966684
34.000000001,-0.301969108754
35.0000000011,-2.77086575376
36.0000000011,-4.04041048139
37.0000000011,-4.39445706829
38.0000000012,-4.34651376307
39.0000000012,-3.62354183383
40.0000000012,-2.86093616672
41.0000000012,-2.57053194195
42.0000000012,-2.75124159083
43.0000000013,-2.98268724233
44.0000000013,-3.28014662676
45.0000000013,-3.4270006232
46.0000000013,-3.5362759456
47.0000000014,-3.73289257474
48.0000000014,-3.7813366279
49.0000000014,-3.85208362155
50.0000000015,-3.74466969818
51.0000000015,-3.51426786929
52.0000000015,-3.25390586071
53.0000000015,-2.78496358357
54.0000000015,-2.32026828267
55.0000000016,-1.68455552217
56.0000000016,-1.37686206866
57.0000000017,-0.918108055368
58.0000000017,-0.461359878384
59.0000000017,-0.273356372367
60.0000000017,0.00239023973063
61.0000000018,0.126319998355
62.0000000018,0.153644380916
63.0000000018,0.17867633251
64.0000000018,0.104340702896
65.0000000019,0.151592453913
66.0000000019,0.300495783915
67.000000002,0.276148248755
68.0000000019,0.167744501217
69.000000002,0.160166901936
70.000000002,0.153383952507
71.000000002,0.14804179746
72.0000000021,0.222347660529
73.0000000021,0.200110804231
74.0000000021,0.240866644162
75.0000000021,0.167773107481
76.0000000022,0.150980696531
77.0000000022,0.219662325158
78.0000000023,0.17148484764
79.0000000022,0.181659192313
80.0000000023,0.161023989807
81.0000000023,0.13171562778
82.0000000024,0.161223588133
83.0000000024,0.252798750997
84.0000000024,0.289510974893
