-4.99999999994,0.727722624682
-3.99999999996,1.69280544368
-3.00000000006,1.86843286188
-2.00000000008,1.60210888923
-1.00000000011,0.89554709267
-1.33134595792e-10,1.29722525837
0.999999999808,1.37107499715
1.99999999975,0.885460385535
2.99999999972,1.44366420024
3.99999999966,1.77013458257
4.99999999967,1.38080240719
5.99999999955,1.08434209311
6.99999999955,1.10101022
7.99999999946,0.97598093573
8.99999999947,1.13907051462
9.99999999944,1.73889120991
10.9999999994,2.14756906019
11.9999999994,1.90352947542
12.9999999993,1.17243587025
13.9999999993,1.4806236547
14.9999999992,1.07102960691
15.9999999992,1.15659621214
16.9999999991,1.07090509198
17.9999999991,0.870414853209
18.999999999,1.45736837776
19.999999999,1.37760967356
20.999999999,0.803798510287
21.9999999989,0.645563270952
22.9999999989,0.50399561283
23.9999999988,0.966770425603
24.9999999988,1.16598571423
25.9999999988,1.0890968529
26.9999999987,1.45176498954
27.9999999987,0.943813062164
28.9999999986,1.94687450297
29.9999999986,2.65537538358
30.9999999986,3.86051270428
31.9999999985,5.11035108538
32.9999999985,6.35138058552
33.9999999984,9.52751844188
34.9999999984,12.0762321558
35.9999999984,15.4193223176
36.9999999983,19.9115825946
37.9999999983,23.220927299
38.9999999982,23.4065446117
39.9999999982,21.4800324867
40.9999999981,18.247417687
41.9999999981,14.4781198149
42.9999999981,10.266472422
43.999999998,6.94531874838
44.999999998,3.97430389347
45.999999998,1.57335237822
46.9999999979,0.0342071506152
47.9999999979,-2.0697406952
48.9999999978,-3.30506494967
49.9999999978,-3.97227317382
50.9999999978,-3.27257980134
51.9999999977,-3.03376298185
52.9999999976,-2.38055058808
53.9999999976,-1.81815470523
54.9999999976,-1.44120539249
55.9999999976,-0.345183879261
56.9999999975,0.845788450385
57.9999999974,0.954010118049
58.9999999974,0.645305642503
59.9999999974,0.88879281476
60.9999999973,0.810531514606
61.9999999973,0.732565817367
62.9999999973,0.778734077376
63.9999999972,1.18155427039
64.9999999971,0.645091659822
65.9999999972,0.58394170781
66.9999999971,0.635821299366
67.9999999971,0.530679269067
68.999999997,1.72138862235
69.9999999969,1.27325083581
70.9999999969,1.17170658509
71.9999999969,0.85622592063
72.9999999968,0.851666771021
73.9999999968,1.22104175193
74.9999999968,1.31270015869
75.9999999967,0.457362863398
76.9999999967,1.44202499756
77.9999999967,1.32025960545
78.9999999966,1.31849846623
79.9999999965,1.11387173236
80.9999999965,0.606059437731
81.9999999965,1.03242583438
82.9999999965,1.0371273339
83.9999999964,0.538076100602
