-5.0,0.191928417757
-3.99999999996,0.297557841564
-2.99999999992,0.312554506352
-1.99999999988,0.250928270107
-0.999999999841,0.213831404108
1.99701893688e-10,0.181969008347
1.00000000024,0.201189966454
2.00000000028,0.271136495634
3.00000000032,0.289205849869
4.00000000036,0.201490203821
5.0000000004,0.188348756928
6.00000000048,0.30314876209
7.00000000049,0.307110812515
8.00000000053,0.238822370069
9.0000000006,0.2438803353
10.0000000006,0.25550464273
11.0000000007,0.201545688328
12.0000000007,0.247369234101
13.0000000008,0.230799023411
14.0000000008,0.160643515467
15.0000000008,0.152577450266
16.0000000009,0.228406315015
17.0000000009,0.246755036991
18.000000001,0.201609376309
19.000000001,0.247135539412
20.0000000011,0.238903656835
21.0000000011,0.250939848134
22.0000000011,0.271988775814
23.0000000012,0.118579942269
24.0000000012,0.199647881265
25.0000000013,0.241741710604
26.0000000013,0.250757262402
27.0000000013,0.282916324039
28.0000000014,0.292732261005
29.0000000014,0.397731312318
30.0000000015,0.564885763451
31.0000000015,0.649551775772
32.0000000015,1.11769485101
33.0000000015,1.05191937555
34.0000000016,0.717916370137
35.0000000017,-1.90022643097
36.0000000017,-2.42195891496
37.0000000017,-1.35272293608
38.0000000018,-2.55878370628
39.0000000018,-2.97790300101
40.0000000019,-2.60534374788
41.0000000019,-2.35142618977
42.000000002,-1.83924229676
43.000000002,-1.41418124456
44.000000002,-1.29689043836
45.0000000021,-0.76999488147
46.0000000021,-0.771954829805
47.0000000022,-0.950415907893
48.0000000022,-0.95809729211
49.0000000022,-0.456460243324
50.0000000023,-0.485083645308
51.0000000023,-0.245536682545
52.0000000023,-0.148070704105
53.0000000024,-0.00037456998507
54.0000000024,0.149624899816
55.0000000024,0.247052396822
56.0000000026,0.250368460722
57.0000000026,0.230289571802
58.0000000026,0.183190605007
59.0000000027,0.0991547371978
60.0000000027,0.16702813789
61.0000000028,0.122291185908
62.0000000028,0.167458810145
63.0000000028,0.315502716345
64.0000000029,0.282930783578
65.0000000029,0.260197270836
66.000000003,0.256122094497
67.000000003,0.151801954386
68.000000003,0.239615815728
69.0000000031,0.269490878622
70.0000000031,0.322172944203
71.0000000032,0.422454653615
72.0000000032,0.408537920797
73.0000000033,0.324306222145
74.0000000033,0.293321100413
75.0000000033,0.271737939707
76.0000000034,0.23379383143
77.0000000034,0.224119444261
78.0000000035,0.230993165678
79.0000000035,0.175280724099
80.0000000035,0.164164835791
81.0000000036,0.157129587767
82.0000000036,0.116934645175
83.0000000036,0.169548898699
84.0000000037,0.189093130823
