-4.99999999994,0.275862386101
-3.99999999996,0.274767838069
-3.00000000006,0.30090870033
-2.00000000008,0.332574246917
-1.00000000011,0.247535591014
-1.33134595792e-10,0.261196501553
0.999999999808,0.285426213406
1.99999999975,0.264910644386
2.99999999972,0.236524515436
3.99999999966,0.268902870594
4.99999999967,0.343262470327
5.99999999955,0.33641310106
6.99999999955,0.281608905643
7.99999999946,0.270040014584
8.99999999947,0.279160098638
9.99999999944,0.268041720265
10.9999999994,0.273192929511
11.9999999994,0.272351521475
12.9999999993,0.295120170107
13.9999999993,0.333840532694
14.9999999992,0.274555432261
15.9999999992,0.240992159117
16.9999999991,0.26236100262
17.9999999991,0.328424948733
18.999999999,0.28034466703
19.999999999,0.281846474449
20.999999999,0.255009641871
21.9999999989,0.255409107078
22.9999999989,0.250627732865
23.9999999988,0.244805678725
24.9999999988,0.260473413393
25.9999999988,0.252447089937
26.9999999987,0.219837656368
27.9999999987,0.249572223576
28.9999999986,0.286248491269
29.9999999986,0.389188145287
30.9999999986,0.457164763473
31.9999999985,0.686240752693
32.9999999985,0.933608712628
33.9999999984,1.30903505161
34.9999999984,1.72568216361
35.9999999984,2.0847951062
36.9999999983,2.26191625744
37.9999999983,2.12100432813
38.9999999982,2.02625159547
39.9999999982,1.7102380842
40.9999999981,1.1578318812
41.9999999981,0.77142438665
42.9999999981,0.45836843038
43.999999998,0.0883314879611
44.999999998,-0.26181188185
45.999999998,-0.662497472542
46.9999999979,-1.20293664234
47.9999999979,-1.66167812981
48.9999999978,-1.78182401508
49.9999999978,-1.85005519912
50.9999999978,-1.47913065925
51.9999999977,-1.19664325193
52.9999999976,-0.995104937814
53.9999999976,-0.602121215139
54.9999999976,-0.415541223687
55.9999999976,-0.164583532198
56.9999999975,-0.0292998587538
57.9999999974,0.10675631481
58.9999999974,0.142649170111
59.9999999974,0.28464508141
60.9999999973,0.238748099422
61.9999999973,0.203120885184
62.9999999973,0.223285617772
63.9999999972,0.270644573029
64.9999999971,0.26745775505
65.9999999972,0.203512566623
66.9999999971,0.242621495854
67.9999999971,0.214550370234
68.999999997,0.326384861488
69.9999999969,0.28398063546
70.9999999969,0.320288969291
71.9999999969,0.260022945818
72.9999999968,0.294601366157
73.9999999968,0.279312506085
74.9999999968,0.195679541252
75.9999999967,0.192182688334
76.9999999967,0.251624756493
77.9999999967,0.228005572102
78.9999999966,0.213856582996
79.9999999965,0.166185413182
80.9999999965,0.168310645415
81.9999999965,0.142822071535
82.9999999965,0.151847831887
83.9999999964,0.171865951386
