-5.0,-1.56299814836
-3.99999999996,-1.16435554739
-2.99999999992,-1.26677465783
-1.99999999982,-2.00355904322
-0.999999999775,-1.91777387846
2.66269191584e-10,-1.03311064039
1.00000000034,-1.68125265434
2.00000000038,-2.04367373531
3.00000000046,-1.95014911328
4.0000000005,-2.17355148023
5.0000000006,-1.34804942122
6.00000000061,-1.80176719925
7.00000000069,-2.04119790766
8.00000000073,-1.60289769999
9.0000000008,-2.05890749826
10.0000000008,-1.7564853308
11.0000000009,-1.62031497913
12.000000001,-2.02842475352
13.000000001,-1.85361024911
14.0000000011,-1.71265220803
15.0000000011,-1.81917687397
16.0000000012,-1.69308306336
17.0000000012,-1.47437751196
18.0000000013,-1.86163672277
19.0000000013,-1.68856119913
20.0000000014,-1.68618749717
21.0000000014,-1.61654719344
22.0000000015,-1.36145872609
23.0000000016,-1.73831163504
24.0000000016,-1.24689953996
25.0000000017,-0.806275363313
26.0000000017,-0.935433016586
27.0000000018,-1.21270513234
28.0000000019,-1.47181706188
29.0000000019,-1.86523975691
30.000000002,-1.0747219359
31.000000002,0.139743765816
32.0000000021,0.476879213623
33.0000000021,2.00152782978
34.0000000022,3.56808738003
35.0000000022,6.30130402752
36.0000000023,9.53565528982
37.0000000023,13.3639637412
38.0000000024,16.3666540084
39.0000000025,16.4179776694
40.0000000025,14.5520846714
41.0000000026,11.8642308775
42.0000000026,9.1200212823
43.0000000027,7.69268531258
44.0000000028,7.43161594601
45.0000000028,6.33821053918
46.0000000028,4.3345176778
47.0000000029,2.52778989973
48.0000000029,-0.367305489953
49.000000003,-2.99305615558
50.0000000031,-5.34303191062
51.0000000032,-5.5140573237
52.0000000032,-4.76419429274
53.0000000032,-4.5202527884
54.0000000033,-4.27103502207
55.0000000033,-2.7435905911
56.0000000034,-3.02432436813
57.0000000035,-2.41076061179
58.0000000035,-2.19774470174
59.0000000036,-2.19004305222
60.0000000037,-2.56962405702
61.0000000037,-1.80716537571
62.0000000038,-1.03793260741
63.0000000038,-1.50270503658
64.0000000038,-1.69291164965
65.0000000039,-1.78303860069
66.000000004,-2.085255242
67.000000004,-1.87052202468
68.0000000041,-2.0098600484
69.0000000041,-2.07212839831
70.0000000042,-1.45052807173
71.0000000043,-0.912281109676
72.0000000043,-1.33973871505
73.0000000044,-2.00478272995
74.0000000045,-1.6792075048
75.0000000044,-1.16440996493
76.0000000045,-0.804190645055
77.0000000046,-1.21577276517
78.0000000047,-1.47762471382
79.0000000047,-1.58317237201
80.0000000048,-1.69593745204
81.0000000048,-1.42588791698
82.0000000049,-1.4595028829
83.0000000049,-1.71360986437
84.000000005,-2.01159278254
