-5.0,-0.19186167847
-3.99999999996,-1.42021248885
-2.99999999999,-1.21112155467
-1.99999999995,-1.44666365874
-0.999999999908,-1.51568033394
1.33134595792e-10,-1.20960130111
1.00000000014,-1.07259007905
2.00000000015,-1.57771906309
3.00000000019,-1.20156467028
4.00000000023,-1.31040738927
5.00000000027,-1.08004569895
6.00000000028,-1.55211763815
7.00000000029,-1.34487259291
8.00000000033,-1.41646496014
9.00000000033,-1.52072651325
10.0000000004,-1.18601524423
11.0000000004,-0.78065650574
12.0000000004,-1.14158355907
13.0000000005,-1.62784738355
14.0000000005,-1.48984773652
15.0000000005,-0.632852309478
16.0000000005,-1.9142121034
17.0000000006,-1.5190930947
18.0000000006,-1.51685477236
19.0000000006,-1.53713502784
20.0000000007,-1.52933653582
21.0000000006,-1.49578029151
22.0000000007,-1.47556718104
23.0000000007,-0.959200205738
24.0000000007,-0.98878890983
25.0000000008,-1.89361511415
26.0000000008,-2.08441689378
27.0000000008,-1.87114564672
28.0000000009,-2.2159875009
29.0000000009,-1.8549820899
30.0000000009,-0.958592399081
31.0000000009,-0.132040892549
32.000000001,0.0982148215614
33.0000000009,1.57628687756
34.000000001,3.34847699883
35.000000001,5.11522726151
36.0000000011,8.26235173124
37.0000000011,11.0214275553
38.0000000012,12.0662800255
39.0000000012,12.8120068154
40.0000000012,10.5669041779
41.0000000012,7.17747571578
42.0000000012,4.91815900424
43.0000000013,4.78906642389
44.0000000013,4.11878498424
45.0000000013,2.34602323339
46.0000000013,0.816613907772
47.0000000014,-1.08611369204
48.0000000014,-1.70075252244
49.0000000014,-2.73185416784
50.0000000014,-3.29146169343
51.0000000015,-3.58672329837
52.0000000015,-3.77455790014
53.0000000015,-3.75968549704
54.0000000015,-3.59340297597
55.0000000016,-3.62572942541
56.0000000016,-2.70496603998
57.0000000016,-2.32538814056
58.0000000017,-1.58021625853
59.0000000017,-0.578849396199
60.0000000017,0.0153868285108
61.0000000017,1.21985906987
62.0000000018,2.86315532386
63.0000000018,6.03480985392
64.0000000018,8.16650872855
65.0000000019,11.7713297255
66.0000000018,15.66723817
67.0000000019,20.1551231295
68.0000000019,23.7250419511
69.0000000019,24.7508673238
70.000000002,24.7134171249
71.000000002,23.6433962468
72.000000002,21.7549780413
73.0000000021,18.619989975
74.0000000021,14.6903889676
75.0000000021,9.20860641224
76.0000000021,5.93062611621
77.0000000021,2.70558771995
78.0000000022,-1.21965169226
79.0000000022,-4.75578692985
80.0000000022,-6.43322348075
81.0000000023,-6.99779249516
82.0000000023,-7.14598445041
83.0000000023,-6.02911008375
84.0000000023,-5.1908200039
