-25.0,-0.369864855544
-24.0,-0.365922736237
-23.0000000001,-0.167248868907
-22.0000000002,-0.224343305264
-21.0000000002,-0.215730522294
-20.0000000002,-0.20624044139
-19.0000000003,-0.298021383933
-18.0000000003,-0.302510940179
-17.0000000004,-0.25949871738
-16.0000000005,-0.106439604673
-15.0000000005,-0.2802754445
-14.0000000006,-0.198925390665
-13.0000000006,-0.204991030663
-12.0000000007,-0.178842593523
-11.0000000007,-0.232368231525
-10.0000000008,-0.308829832356
-9.00000000083,-0.368685406167
-8.00000000093,-0.333432081155
-7.00000000095,-0.475383303128
-6.00000000098,-0.296347855823
-5.00000000107,-0.321163527435
-4.0000000011,-0.277055983024
-3.00000000119,-0.197982360201
-2.00000000121,-0.20579638402
-1.00000000124,-0.116558338603
-1.33134595792e-09,-0.213276373965
0.99999999861,-0.0602078223824
1.99999999855,0.149948665552
2.99999999853,0.423724258842
3.99999999847,0.811690523289
4.99999999841,1.2524847202
5.99999999835,1.67731735855
6.99999999829,1.77702387422
7.9999999982,1.55277442001
8.9999999982,1.12391817383
9.99999999815,0.665404214524
10.9999999981,0.390624837368
11.999999998,0.245817572883
12.999999998,0.185955949316
13.9999999979,-0.027102847571
14.9999999979,-0.328494434973
15.9999999978,-0.468192203902
16.9999999978,-0.693492575549
17.9999999977,-0.910964258946
18.9999999976,-1.03253948875
19.9999999976,-1.07680396177
20.9999999975,-1.02192301676
21.9999999975,-1.01001089066
22.9999999974,-0.855542072095
23.9999999974,-0.638125061058
24.9999999973,-0.504517968046
25.9999999973,-0.392063867999
26.9999999972,-0.276438203116
27.9999999972,-0.178130184577
28.9999999971,-0.012156675999
29.9999999971,0.245114600111
30.999999997,0.435532260919
31.9999999969,0.78262056876
32.9999999969,1.2655968871
33.9999999968,1.77642996609
34.9999999968,2.30951602757
35.9999999967,2.65443949401
36.9999999967,2.89950603247
37.9999999966,2.72297450528
38.9999999966,2.22509619221
39.9999999965,1.82305697352
40.9999999965,1.30556047335
41.9999999964,0.644671060887
42.9999999964,-0.102941645164
43.9999999963,-0.827352450757
44.9999999963,-1.59003771842
45.9999999962,-2.0606413167
46.9999999961,-2.57847553119
47.9999999961,-2.90841478482
48.999999996,-3.11185984313
49.999999996,-3.10655312985
50.9999999959,-2.85350291803
51.9999999959,-2.36873230338
52.9999999958,-1.67816300504
53.9999999958,-1.31654731184
54.9999999957,-0.884338757955
55.9999999957,-0.666850103065
56.9999999956,-0.477301387582
57.9999999955,-0.388875344303
58.9999999955,-0.313715759432
59.9999999955,-0.209048550634
60.9999999954,-0.17510543394
61.9999999953,-0.365084721474
62.9999999953,-0.354801993468
63.9999999952,-0.322037403239
64.9999999951,-0.268193789845
65.9999999951,-0.280993753026
66.9999999951,-0.232080185513
67.999999995,-0.30030913896
68.999999995,-0.338465690496
69.9999999949,-0.35861682261
70.9999999948,-0.200485801295
71.9999999948,-0.177733625402
72.9999999947,-0.246078830707
73.9999999947,-0.242405146142
74.9999999946,-0.335466591263
75.9999999946,-0.3857616061
76.9999999945,-0.231288960204
77.9999999945,-0.245986703434
78.9999999944,-0.279805702332
79.9999999944,-0.28007125773
80.9999999943,-0.238754029793
81.9999999943,-0.296660850174
82.9999999942,-0.240138235211
83.9999999941,-0.18009421177
84.9999999941,-0.24477903526
85.999999994,-0.248898896622
86.999999994,-0.257872711139
87.9999999939,-0.264627509518
88.9999999939,-0.236943801574
89.9999999938,-0.229009425151
90.9999999938,-0.209439546408
91.9999999937,-0.153367022984
92.9999999936,-0.262249242001
93.9999999936,-0.292295076419
