-5.0,12.2989595903
-4.00000000003,10.5676845985
-2.99999999999,8.58829791424
-1.99999999995,5.70539627946
-0.999999999908,3.64196116347
1.33134595792e-10,3.28664655605
1.00000000014,2.55435938372
2.00000000015,1.27086699688
3.00000000019,0.789520324648
4.00000000023,0.698506393581
5.00000000027,0.210270613205
6.00000000028,0.66372153475
7.00000000029,0.688825166521
8.00000000033,0.7358930737
9.00000000033,0.299406338587
10.0000000004,0.640081930327
11.0000000004,1.06652182879
12.0000000004,0.952333319279
13.0000000005,0.697828658293
14.0000000005,0.13069424342
15.0000000005,0.603710233427
16.0000000006,0.611956175718
17.0000000006,0.619845224335
18.0000000006,1.02694793692
19.0000000006,1.33819194891
20.0000000007,0.134352415046
21.0000000007,0.984754915341
22.0000000007,0.329526409311
23.0000000007,0.541491958255
24.0000000007,1.57863218151
25.0000000008,2.45664157422
26.0000000008,4.68368376402
27.0000000008,6.21732348932
28.0000000009,9.33301889458
29.0000000009,12.3783507429
30.0000000009,15.9633865933
31.0000000009,20.7219416429
32.000000001,24.3192480998
33.000000001,26.864390451
34.000000001,26.2441972781
35.0000000011,26.5036420577
36.0000000011,31.438840197
37.0000000011,41.6369685958
38.0000000012,53.387914883
39.0000000012,67.5379601493
40.0000000012,82.8821380679
41.0000000012,89.5799721805
42.0000000012,85.7784111276
43.0000000013,78.1847807401
44.0000000013,68.8941151816
45.0000000013,56.7977254659
46.0000000013,43.1857032722
47.0000000014,30.5550932419
48.0000000014,22.0728187244
49.0000000014,16.9440922549
50.0000000015,11.3606088739
51.0000000015,6.60397412892
52.0000000015,2.73114210683
53.0000000015,0.653012207034
54.0000000015,-1.24511988215
55.0000000016,-1.80069936552
56.0000000016,-1.92562266867
57.0000000017,-1.98708204403
58.0000000017,-1.65882153957
59.0000000017,-1.30408357258
60.0000000017,0.0986464070334
61.0000000018,0.337481088727
62.0000000018,0.41166171181
63.0000000018,0.69150297678
64.0000000018,1.30481994935
65.0000000019,0.973198360941
66.0000000019,0.786862796498
67.000000002,0.666228632776
68.0000000019,0.669959022733
69.000000002,0.830635334241
70.000000002,0.900021161494
71.000000002,1.01897117111
72.0000000021,1.1606291161
73.0000000021,0.711488510251
74.0000000021,0.860902612148
75.0000000021,0.909135463152
76.0000000022,0.968531768047
77.0000000022,0.684403134132
78.0000000023,0.718376536812
79.0000000022,1.34149931239
80.0000000023,1.58990319802
81.0000000023,1.01755632818
82.0000000024,-0.0965378717432
83.0000000024,1.33809908006
84.0000000024,1.0929184842
