# Major, minor, position_angle:	0.0403354652226	0.0325501598418	-80.1642684937
Velocity,Frequency,Flux Density
-25.0,3.31185731914e+11,0.00271780108051
-24.0,3.3118462729e+11,0.0586671248857
-22.9999999999,3.31183522665e+11,-0.0227780197238
-21.9999999999,3.31182418041e+11,-0.0494196999498
-20.9999999999,3.31181313416e+11,0.0362750420036
-19.9999999999,3.31180208791e+11,0.0172194630231
-18.9999999998,3.31179104167e+11,0.00383902547765
-17.9999999998,3.31177999542e+11,-0.0258064008085
-16.9999999998,3.31176894918e+11,-0.0223740439797
-15.9999999998,3.31175790293e+11,-0.0136368817502
-14.9999999997,3.31174685669e+11,-0.0257331141765
-13.9999999997,3.31173581044e+11,0.0759457914901
-12.9999999997,3.31172476419e+11,0.00799656556285
-11.9999999996,3.31171371795e+11,0.03366461931
-10.9999999997,3.3117026717e+11,-0.0729150528423
-9.99999999961,3.31169162546e+11,0.0281027933415
-8.99999999957,3.31168057921e+11,0.0666003529332
-7.99999999953,3.31166953297e+11,0.161003783811
-6.99999999955,3.31165848672e+11,0.141139481799
-5.99999999951,3.31164744047e+11,0.0397737260027
-4.99999999947,3.31163639423e+11,0.0447988470278
-3.99999999943,3.31162534798e+11,0.0874306050518
-2.99999999939,3.31161430174e+11,0.153211270066
-1.99999999942,3.31160325549e+11,0.0743043764451
-0.999999999375,3.31159220925e+11,-0.0730562696554
6.65672978961e-10,3.311581163e+11,-0.0324162722573
1.00000000067,3.31157011675e+11,0.00422910167981
2.00000000071,3.31155907051e+11,-0.0814857485966
3.00000000076,3.31154802426e+11,0.0603679773212
4.00000000076,3.31153697802e+11,0.0913353999931
5.0000000008,3.31152593177e+11,-0.105477579446
6.00000000081,3.31151488553e+11,-0.0768641445393
7.00000000082,3.31150383928e+11,0.0859590641485
8.00000000086,3.31149279303e+11,-0.0729276432539
9.00000000093,3.31148174679e+11,0.0611971151666
10.0000000009,3.31147070054e+11,0.0975660178738
11.0000000009,3.3114596543e+11,0.0638626851942
12.000000001,3.31144860805e+11,-0.0864025029805
13.000000001,3.31143756181e+11,-0.0207834930534
14.0000000011,3.31142651556e+11,0.0205615953346
15.0000000011,3.31141546931e+11,0.0929477259342
16.0000000011,3.31140442307e+11,-0.0202024184273
17.0000000011,3.31139337682e+11,-0.0265361395977
18.0000000011,3.31138233058e+11,-0.0695113954644
19.0000000012,3.31137128433e+11,0.0237089028196
20.0000000012,3.31136023809e+11,0.0687586592721
21.0000000012,3.31134919184e+11,-0.0545658344781
22.0000000013,3.31133814559e+11,-0.0216613634839
23.0000000013,3.31132709935e+11,-0.222771028093
24.0000000013,3.3113160531e+11,-0.00601534087764
25.0000000013,3.31130500686e+11,-0.135444348209
26.0000000014,3.31129396061e+11,-0.178947260167
27.0000000013,3.31128291436e+11,-0.241750882939
28.0000000014,3.31127186812e+11,-0.233531998936
29.0000000014,3.31126082187e+11,-0.255804524291
30.0000000015,3.31124977563e+11,-0.379474904621
31.0000000015,3.31123872938e+11,-0.214302936554
32.0000000015,3.31122768314e+11,-0.430384841748
33.0000000015,3.31121663689e+11,0.0117382727876
34.0000000016,3.31120559064e+11,-0.0758444045059
35.0000000016,3.3111945444e+11,0.0365137763147
36.0000000016,3.31118349815e+11,0.0909003621491
37.0000000016,3.31117245191e+11,0.226122018532
38.0000000017,3.31116140566e+11,0.288710159017
39.0000000017,3.31115035942e+11,0.360964624677
40.0000000017,3.31113931317e+11,0.435411169659
41.0000000018,3.31112826692e+11,0.504627079703
42.0000000018,3.31111722068e+11,0.447621130385
43.0000000018,3.31110617443e+11,0.492242889944
44.0000000018,3.31109512819e+11,0.447772407904
45.0000000019,3.31108408194e+11,0.532040503109
46.0000000019,3.3110730357e+11,0.246537021128
47.0000000019,3.31106198945e+11,0.202311973455
48.0000000019,3.3110509432e+11,-0.162106048971
49.000000002,3.31103989696e+11,-0.22647410732
50.000000002,3.31102885071e+11,-0.233366631554
51.000000002,3.31101780447e+11,-0.312703900388
52.0000000021,3.31100675822e+11,-0.286773095606
53.000000002,3.31099571198e+11,-0.187479714051
54.0000000021,3.31098466573e+11,-0.217798513826
55.0000000021,3.31097361948e+11,-0.286733219516
56.0000000022,3.31096257324e+11,-0.401557759847
57.0000000022,3.31095152699e+11,-0.367391146487
58.0000000022,3.31094048075e+11,-0.313632417179
59.0000000022,3.3109294345e+11,-0.317883732044
60.0000000023,3.31091838826e+11,-0.497738978127
61.0000000023,3.31090734201e+11,-0.251389499579
62.0000000023,3.31089629576e+11,-0.238543948246
63.0000000024,3.31088524952e+11,-0.149450250727
64.0000000024,3.31087420327e+11,0.0664693574945
65.0000000024,3.31086315703e+11,0.187617917123
66.0000000024,3.31085211078e+11,0.43285091198
67.0000000024,3.31084106454e+11,0.593164863996
68.0000000025,3.31083001829e+11,0.797010795213
69.0000000025,3.31081897204e+11,0.88573020976
70.0000000025,3.3108079258e+11,0.88778431993
71.0000000026,3.31079687955e+11,0.788305047899
72.0000000026,3.31078583331e+11,0.682940947125
73.0000000026,3.31077478706e+11,0.204705463373
74.0000000027,3.31076374081e+11,-0.230158214865
75.0000000027,3.31075269457e+11,-0.732148943673
76.0000000027,3.31074164832e+11,-1.07096797857
77.0000000027,3.31073060208e+11,-1.35827109218
78.0000000028,3.31071955583e+11,-1.5819927603
79.0000000028,3.31070850959e+11,-1.72385345213
80.0000000028,3.31069746334e+11,-1.80862296186
81.0000000028,3.31068641709e+11,-1.71541270241
82.0000000029,3.31067537085e+11,-1.28004369233
83.0000000029,3.3106643246e+11,-0.941648760345
84.0000000029,3.31065327836e+11,-0.587986974046
85.0000000029,3.31064223211e+11,-0.255944070814
86.0000000029,3.31063118587e+11,-0.0427903102682
87.000000003,3.31062013962e+11,-0.184475225367
88.000000003,3.31060909337e+11,-0.0621397635266
89.000000003,3.31059804713e+11,-0.024058770101
90.0000000031,3.31058700088e+11,0.044962684151
91.0000000031,3.31057595464e+11,-0.0816566493158
92.0000000031,3.31056490839e+11,-0.120743917436
93.0000000031,3.31055386215e+11,-0.0454781493972
94.0000000032,3.3105428159e+11,-0.0852770208658
