# Major, minor, position_angle:	8.08705265554	6.52556544526	-80.1669535929
Velocity,Frequency,Flux Density
-25.0,3.3050509156e+11,0.053660692713
-24.0,3.30503989205e+11,0.37024278923
-22.9999999999,3.30502886851e+11,-0.0877894072316
-21.9999999998,3.30501784497e+11,-0.249410399122
-20.9999999998,3.30500682142e+11,-1.02181724933
-19.9999999998,3.30499579788e+11,-0.492757000475
-18.9999999997,3.30498477433e+11,-0.46283345947
-17.9999999996,3.30497375079e+11,-0.818863410087
-16.9999999996,3.30496272725e+11,-0.0978983057894
-15.9999999995,3.3049517037e+11,-0.0450986087255
-14.9999999995,3.30494068016e+11,-0.26384473661
-13.9999999994,3.30492965661e+11,0.0770059791825
-12.9999999993,3.30491863307e+11,0.474158422917
-11.9999999993,3.30490760953e+11,-0.429030776598
-10.9999999993,3.30489658598e+11,-0.199847910668
-9.99999999914,3.30488556244e+11,-0.681563129896
-8.9999999991,3.3048745389e+11,0.138303053056
-7.99999999906,3.30486351535e+11,0.325362442547
-6.99999999902,3.30485249181e+11,-0.541924090294
-5.99999999898,3.30484146826e+11,-0.542713104256
-4.99999999887,3.30483044472e+11,0.220988482975
-3.99999999883,3.30481942118e+11,0.01270002399
-2.99999999879,3.30480839763e+11,-0.0911241827694
-1.99999999875,3.30479737409e+11,-0.0109737642632
-0.999999998643,3.30478635054e+11,0.585358359483
1.39791325582e-09,3.304775327e+11,0.91994343417
1.00000000144,3.30476430346e+11,0.719136707265
2.00000000148,3.30475327991e+11,1.30818269141
3.00000000155,3.30474225637e+11,0.937326984531
4.00000000159,3.30473123282e+11,1.04711310866
5.00000000167,3.30472020928e+11,0.689001103803
6.00000000168,3.30470918574e+11,-0.504605110526
7.00000000175,3.30469816219e+11,-0.521097852471
8.00000000179,3.30468713865e+11,0.0580275513478
9.00000000193,3.3046761151e+11,-0.317704358552
10.0000000019,3.30466509156e+11,-0.162993618905
11.000000002,3.30465406802e+11,-0.570915614934
12.0000000021,3.30464304447e+11,-0.326394137463
13.0000000021,3.30463202093e+11,-0.273782114114
14.0000000022,3.30462099739e+11,-0.401472628192
15.0000000022,3.30460997384e+11,-0.0610605519593
16.0000000023,3.3045989503e+11,0.226639433837
17.0000000023,3.30458792675e+11,-0.282410652141
18.0000000024,3.30457690321e+11,0.28951788013
19.0000000024,3.30456587967e+11,0.1624610191
20.0000000025,3.30455485612e+11,0.102566518646
21.0000000026,3.30454383258e+11,-0.337004627554
22.0000000027,3.30453280903e+11,0.552730455415
23.0000000027,3.30452178549e+11,-0.389362388261
24.0000000027,3.30451076195e+11,0.563494161366
25.0000000028,3.3044997384e+11,-0.264666346417
26.0000000028,3.30448871486e+11,-0.660182885687
27.0000000029,3.30447769131e+11,-0.825175810127
28.0000000029,3.30446666777e+11,-1.20182777829
29.000000003,3.30445564423e+11,-1.06546259652
30.0000000031,3.30444462068e+11,-1.36271628493
31.0000000031,3.30443359714e+11,-0.619768674663
32.0000000032,3.30442257359e+11,-1.42423181548
33.0000000032,3.30441155005e+11,-1.56390965591
34.0000000033,3.30440052651e+11,-0.142924950551
35.0000000034,3.30438950296e+11,0.0568915939241
36.0000000034,3.30437847942e+11,1.25832222483
37.0000000034,3.30436745588e+11,3.52449843759
38.0000000035,3.30435643233e+11,4.48066576499
39.0000000036,3.30434540879e+11,6.74477563229
40.0000000036,3.30433438524e+11,6.71528069616
41.0000000037,3.3043233617e+11,7.56004847291
42.0000000037,3.30431233816e+11,7.89631610262
43.0000000038,3.30430131461e+11,8.31307260909
44.0000000039,3.30429029107e+11,6.90173158771
45.0000000039,3.30427926752e+11,4.57766798457
46.0000000039,3.30426824398e+11,2.33801246836
47.000000004,3.30425722044e+11,0.505178527519
48.0000000041,3.30424619689e+11,-1.35010757607
49.0000000041,3.30423517335e+11,-1.39541251269
50.0000000042,3.3042241498e+11,-0.780180500261
51.0000000042,3.30421312626e+11,-1.3080678248
52.0000000043,3.30420210272e+11,-0.267576337653
53.0000000044,3.30419107917e+11,0.113159682821
54.0000000044,3.30418005563e+11,0.340567193452
55.0000000044,3.30416903208e+11,0.00850606613926
56.0000000046,3.30415800854e+11,0.242044962905
57.0000000046,3.304146985e+11,0.682892252023
58.0000000046,3.30413596145e+11,0.80124948821
59.0000000047,3.30412493791e+11,-0.230594984677
60.0000000048,3.30411391436e+11,0.860332648117
61.0000000048,3.30410289082e+11,0.411724267513
62.0000000049,3.30409186728e+11,-0.0278568853191
63.0000000049,3.30408084373e+11,-0.464413692663
64.0000000049,3.30406982019e+11,-0.385860188907
65.000000005,3.30405879665e+11,-0.0649188906488
66.0000000051,3.3040477731e+11,-0.0143634591761
67.0000000051,3.30403674956e+11,0.149743439349
68.0000000052,3.30402572601e+11,0.105036588586
69.0000000053,3.30401470247e+11,0.125887056101
70.0000000053,3.30400367893e+11,0.28733966495
71.0000000054,3.30399265538e+11,1.01837308624
72.0000000054,3.30398163184e+11,0.266359247014
73.0000000054,3.30397060829e+11,-0.370551619633
74.0000000055,3.30395958475e+11,-0.015538265637
75.0000000056,3.30394856121e+11,-0.198293165089
76.0000000057,3.30393753766e+11,0.0418784896602
77.0000000057,3.30392651412e+11,-0.513610072086
78.0000000058,3.30391549057e+11,-0.0841517513781
79.0000000058,3.30390446703e+11,-0.24073386917
80.0000000059,3.30389344349e+11,-0.044939780391
81.0000000059,3.30388241994e+11,0.436857356535
82.000000006,3.3038713964e+11,0.276068906391
83.000000006,3.30386037285e+11,-0.135358494315
84.0000000061,3.30384934931e+11,0.698339613195
85.0000000061,3.30383832577e+11,0.123394898685
86.0000000062,3.30382730222e+11,1.89531995022
87.0000000063,3.30381627868e+11,1.89840823035
88.0000000063,3.30380525514e+11,1.90149651258
89.0000000064,3.30379423159e+11,1.90458479081
90.0000000065,3.30378320805e+11,1.9076730787
91.0000000065,3.3037721845e+11,1.91076135585
92.0000000065,3.30376116096e+11,1.9138496449
93.0000000066,3.30375013742e+11,1.91693792218
94.0000000066,3.30373911387e+11,1.92002620707
