# Major, minor, position_angle:	0.0394705145435	0.031036070797	-1.33506450631
Velocity,Frequency,Flux Density
-5.0,3.42510095358e+11,0.157515802537
-4.00000000003,3.42508952887e+11,0.159959815792
-3.00000000006,3.42507810415e+11,0.0970450631285
-2.00000000015,3.42506667943e+11,0.16243873327
-1.00000000017,3.42505525472e+11,0.101688694553
-1.99701893688e-10,3.42504383e+11,0.0776276487022
0.999999999741,3.42503240528e+11,0.17809142539
1.99999999972,3.42502098057e+11,0.109380467664
2.99999999966,3.42500955585e+11,0.157214942097
3.9999999996,3.42499813113e+11,0.116460809489
4.99999999961,3.42498670642e+11,0.0532570640571
5.99999999948,3.4249752817e+11,0.103251289231
6.99999999949,3.42496385698e+11,0.11884108169
7.9999999994,3.42495243227e+11,0.120617715107
8.9999999994,3.42494100755e+11,0.0669653889181
9.99999999931,3.42492958284e+11,0.030599122183
10.9999999993,3.42491815812e+11,0.0135311583745
11.9999999993,3.4249067334e+11,-0.077747583884
12.9999999992,3.42489530869e+11,-0.0437411059429
13.9999999992,3.42488388397e+11,-0.154836803209
14.9999999991,3.42487245925e+11,-0.221736196239
15.9999999991,3.42486103454e+11,-0.185228623646
16.999999999,3.42484960982e+11,-0.28769364662
17.999999999,3.4248381851e+11,-0.390123831894
18.9999999989,3.42482676039e+11,-0.452720635338
19.9999999989,3.42481533567e+11,-0.651472598081
20.9999999988,3.42480391095e+11,-0.752297014464
21.9999999988,3.42479248624e+11,-0.662413522834
22.9999999988,3.42478106152e+11,-1.08516172459
23.9999999988,3.4247696368e+11,-0.961415051715
24.9999999987,3.42475821209e+11,-1.16242061974
25.9999999987,3.42474678737e+11,-1.15080472641
26.9999999986,3.42473536266e+11,-1.14664827753
27.9999999986,3.42472393794e+11,-1.14348255564
28.9999999985,3.42471251322e+11,-1.07375497255
29.9999999985,3.42470108851e+11,-0.976878570858
30.9999999984,3.42468966379e+11,-0.788151565706
31.9999999984,3.42467823907e+11,-0.864312208025
32.9999999984,3.42466681436e+11,-0.551580661089
33.9999999983,3.42465538964e+11,-0.588648049656
34.9999999983,3.42464396492e+11,-0.59111808335
35.9999999982,3.42463254021e+11,-0.739941540174
36.9999999982,3.42462111549e+11,-1.33769359766
37.9999999982,3.42460969077e+11,-1.6560252544
38.9999999981,3.42459826606e+11,-2.24454278825
39.999999998,3.42458684134e+11,-2.81603897549
40.999999998,3.42457541663e+11,-3.15973515622
41.999999998,3.42456399191e+11,-3.50096273795
42.9999999979,3.42455256719e+11,-3.54311705008
43.9999999979,3.42454114248e+11,-3.55362632126
44.9999999978,3.42452971776e+11,-3.22594027407
45.9999999978,3.42451829304e+11,-2.83415954188
46.9999999977,3.42450686833e+11,-2.36374197155
47.9999999977,3.42449544361e+11,-1.83136731153
48.9999999976,3.42448401889e+11,-1.45336701209
49.9999999976,3.42447259418e+11,-1.15624766215
50.9999999976,3.42446116946e+11,-0.801026785048
51.9999999975,3.42444974474e+11,0.745900403941
52.9999999974,3.42443832003e+11,0.7102349333
53.9999999974,3.42442689531e+11,0.381031029916
54.9999999974,3.42441547059e+11,0.352945545572
55.9999999974,3.42440404588e+11,0.222776945913
56.9999999973,3.42439262116e+11,0.111578958546
57.9999999972,3.42438119645e+11,0.166428123404
58.9999999972,3.42436977173e+11,0.146585500213
59.9999999972,3.42435834701e+11,0.218076252801
60.9999999971,3.4243469223e+11,0.134323597755
61.9999999971,3.42433549758e+11,0.107594885281
62.9999999971,3.42432407286e+11,0.124709227588
63.999999997,3.42431264815e+11,0.190763280028
64.9999999969,3.42430122343e+11,0.164183415473
65.9999999969,3.42428979871e+11,0.173040811787
66.9999999969,3.424278374e+11,0.141703870351
67.9999999968,3.42426694928e+11,0.106510654063
68.9999999968,3.42425552456e+11,0.120057323569
69.9999999967,3.42424409985e+11,0.149593728755
70.9999999967,3.42423267513e+11,0.220352966571
71.9999999967,3.42422125041e+11,0.160402874986
72.9999999966,3.4242098257e+11,0.124715637357
73.9999999966,3.42419840098e+11,0.181272758869
74.9999999965,3.42418697627e+11,0.178848482901
75.9999999965,3.42417555155e+11,0.16001476231
76.9999999964,3.42416412683e+11,0.10903669559
77.9999999964,3.42415270212e+11,0.0871415974543
78.9999999963,3.4241412774e+11,0.19146451517
79.9999999963,3.42412985268e+11,0.130239926861
80.9999999963,3.42411842797e+11,0.106138013987
81.9999999962,3.42410700325e+11,0.128414149629
82.9999999962,3.42409557853e+11,0.0898505732403
83.9999999961,3.42408415382e+11,0.113827829933
