# Major, minor, position_angle:	0.0393641503479	0.030800590154	-75.5453645339
Velocity,Frequency,Flux Density
-5.0,3.44922295589e+11,0.280495525036
-4.00000000003,3.44921145071e+11,0.196482779378
-2.99999999999,3.44919994553e+11,0.325388153549
-2.00000000002,3.44918844035e+11,0.356284105219
-0.999999999974,3.44917693518e+11,0.502153337933
0.0,3.44916543e+11,0.482257510535
1.00000000001,3.44915392482e+11,0.420540674124
2.00000000002,3.44914241965e+11,0.39319415763
3.00000000002,3.44913091447e+11,0.410823432263
4.0,3.44911940929e+11,0.341021217406
5.0,3.44910790411e+11,0.303188562393
6.00000000001,3.44909639894e+11,0.42718098592
7.00000000002,3.44908489376e+11,0.35362589173
7.99999999999,3.44907338858e+11,0.310195552418
9.00000000007,3.4490618834e+11,0.337234613951
9.99999999998,3.44905037823e+11,0.305227147415
11.0,3.44903887305e+11,0.315356620587
12.0,3.44902736787e+11,0.24090019695
13.0,3.44901586269e+11,0.187315573894
14.0000000001,3.44900435752e+11,0.170468491764
15.0,3.44899285234e+11,0.120226270906
16.0000000001,3.44898134716e+11,-0.000360231533705
17.0,3.44896984198e+11,-0.0772185981041
18.0,3.44895833681e+11,-0.13832949441
19.0,3.44894683163e+11,-0.189905735344
20.0000000001,3.44893532645e+11,-0.407230009005
21.0,3.44892382127e+11,-0.466830849997
22.0000000001,3.4489123161e+11,-0.541959988739
23.0,3.44890081092e+11,-0.741010219906
24.0,3.44888930574e+11,-0.925570672145
25.0000000001,3.44887780056e+11,-0.755220226478
26.0000000001,3.44886629539e+11,-1.01060281054
27.0000000001,3.44885479021e+11,-1.05053626164
28.0000000001,3.44884328503e+11,-0.998338614125
29.0000000001,3.44883177985e+11,-0.964170631953
30.0000000001,3.44882027468e+11,-0.874904703349
31.0000000001,3.4488087695e+11,-0.73327180068
32.0000000001,3.44879726432e+11,-0.77003892872
33.0000000001,3.44878575914e+11,-1.00611070613
34.0000000001,3.44877425397e+11,-1.76217470644
35.0000000001,3.44876274879e+11,-3.02295568585
36.0000000001,3.44875124361e+11,-4.02650717646
37.0000000001,3.44873973843e+11,-4.79190105945
38.0000000001,3.44872823326e+11,-5.1558951214
39.0000000001,3.44871672808e+11,-5.06598971784
40.0000000001,3.4487052229e+11,-4.81480223686
41.0000000001,3.44869371772e+11,-4.49768721312
42.0000000001,3.44868221255e+11,-3.89269638434
43.0000000001,3.44867070737e+11,-3.53052674979
44.0000000001,3.44865920219e+11,-3.09976376221
45.0000000001,3.44864769701e+11,-3.15232998691
46.0000000001,3.44863619184e+11,-3.43484216556
47.0000000001,3.44862468666e+11,-3.80163460597
48.0000000001,3.44861318148e+11,-3.91469684988
49.0000000001,3.4486016763e+11,-3.84019374475
50.0000000001,3.44859017113e+11,-3.71415160596
51.0000000001,3.44857866595e+11,-3.34758965299
52.0000000001,3.44856716077e+11,-2.82927124016
53.0000000001,3.44855565559e+11,-2.3764507398
54.0000000001,3.44854415042e+11,-0.816011440242
55.0000000001,3.44853264524e+11,1.05690133304
56.0000000002,3.44852114006e+11,0.252142715035
57.0000000001,3.44850963488e+11,0.436172267422
58.0000000001,3.44849812971e+11,0.454172317404
59.0000000001,3.44848662453e+11,0.525359307416
60.0000000002,3.44847511935e+11,0.468496790621
61.0000000002,3.44846361418e+11,0.479136202484
62.0000000002,3.448452109e+11,0.51757821301
63.0000000002,3.44844060382e+11,0.547920125537
64.0000000002,3.44842909864e+11,0.502911658958
65.0000000001,3.44841759347e+11,0.546665760223
66.0000000002,3.44840608829e+11,0.560639970936
67.0000000002,3.44839458311e+11,0.474771800917
68.0000000002,3.44838307793e+11,0.465466967784
69.0000000001,3.44837157276e+11,0.476105865557
70.0000000002,3.44836006758e+11,0.448567524087
71.0000000002,3.4483485624e+11,0.37159569934
72.0000000002,3.44833705722e+11,0.458034497686
73.0000000002,3.44832555205e+11,0.533856459893
74.0000000002,3.44831404687e+11,0.428890936077
75.0000000002,3.44830254169e+11,0.426877904218
76.0000000002,3.44829103651e+11,0.475431886967
77.0000000002,3.44827953134e+11,0.417493701447
78.0000000002,3.44826802616e+11,0.358733306173
79.0000000002,3.44825652098e+11,0.439707779326
80.0000000002,3.4482450158e+11,0.424912643153
81.0000000002,3.44823351063e+11,0.389216762502
82.0000000002,3.44822200545e+11,0.345196619164
83.0000000002,3.44821050027e+11,0.378782272106
84.0000000002,3.44819899509e+11,0.376090783626
