# Major, minor, position_angle:	7.89431296223	6.20729726694	-76.4903282287
Velocity,Frequency,Flux Density
-25.0,3.42532944791e+11,-0.167977383603
-24.0,3.4253180232e+11,-0.0264006667503
-23.0000000001,3.42530659848e+11,0.0226899962629
-22.0000000001,3.42529517376e+11,0.457820686884
-21.0000000001,3.42528374905e+11,-0.210956453452
-20.0000000002,3.42527232433e+11,-0.17622682999
-19.0000000002,3.42526089961e+11,-0.0604799591383
-18.0000000003,3.4252494749e+11,0.0220997082922
-17.0000000003,3.42523805018e+11,-0.290832132228
-16.0000000004,3.42522662546e+11,-0.197255325982
-15.0000000004,3.42521520075e+11,0.122986565814
-14.0000000004,3.42520377603e+11,-0.1087522274
-13.0000000005,3.42519235131e+11,0.0598180297063
-12.0000000006,3.4251809266e+11,-0.0277227017896
-11.0000000006,3.42516950188e+11,0.339182637291
-10.0000000006,3.42515807716e+11,0.128568622597
-9.0000000007,3.42514665245e+11,0.52285260306
-8.00000000073,3.42513522773e+11,0.236817268893
-7.00000000075,3.42512380302e+11,-0.00381409030382
-6.00000000078,3.4251123783e+11,-0.206099851341
-5.00000000087,3.42510095358e+11,-0.0246610516861
-4.0000000009,3.42508952887e+11,0.52716180025
-3.00000000092,3.42507810415e+11,0.337162851093
-2.00000000101,3.42506667943e+11,0.0555407740964
-1.00000000104,3.42505525472e+11,-0.121282004286
-1.06507676634e-09,3.42504383e+11,0.0362685841994
0.999999998876,3.42503240528e+11,-0.182194699486
1.99999999885,3.42502098057e+11,-0.499587381786
2.99999999879,3.42500955585e+11,-0.252572554615
3.99999999877,3.42499813113e+11,-0.218694746525
4.99999999874,3.42498670642e+11,-0.0998447518953
5.99999999868,3.4249752817e+11,-0.208608545045
6.99999999862,3.42496385698e+11,-0.806523978326
7.9999999986,3.42495243227e+11,-0.506492062436
8.99999999854,3.42494100755e+11,-0.314752238699
9.99999999851,3.42492958284e+11,-0.545493741221
10.9999999985,3.42491815812e+11,-0.282649359686
11.9999999984,3.4249067334e+11,-0.143293822134
12.9999999984,3.42489530869e+11,-0.679222221058
13.9999999983,3.42488388397e+11,-0.807228491829
14.9999999983,3.42487245925e+11,-0.930105392648
15.9999999982,3.42486103454e+11,-0.707905310369
16.9999999982,3.42484960982e+11,-1.05291398102
17.9999999981,3.4248381851e+11,-0.979798327801
18.9999999981,3.42482676039e+11,-1.35597592352
19.9999999981,3.42481533567e+11,-2.26743525085
20.999999998,3.42480391095e+11,-1.9747228217
21.999999998,3.42479248624e+11,-2.37452054864
22.9999999979,3.42478106152e+11,-2.84258059522
23.9999999979,3.4247696368e+11,-2.06415904686
24.9999999978,3.42475821209e+11,-2.63730522548
25.9999999978,3.42474678737e+11,-2.54740265067
26.9999999977,3.42473536266e+11,-2.75087266762
27.9999999977,3.42472393794e+11,-2.71831407737
28.9999999977,3.42471251322e+11,-1.84204531064
29.9999999976,3.42470108851e+11,-0.909929766129
30.9999999976,3.42468966379e+11,0.474646091528
31.9999999975,3.42467823907e+11,1.41026397188
32.9999999975,3.42466681436e+11,3.27090547937
33.9999999975,3.42465538964e+11,5.05304302775
34.9999999974,3.42464396492e+11,9.88728990434
35.9999999974,3.42463254021e+11,14.815828068
36.9999999973,3.42462111549e+11,19.0151496458
37.9999999973,3.42460969077e+11,23.3482911587
38.9999999972,3.42459826606e+11,24.2476468791
39.9999999972,3.42458684134e+11,23.7849963829
40.9999999971,3.42457541663e+11,23.3184509341
41.9999999971,3.42456399191e+11,20.1485694384
42.9999999971,3.42455256719e+11,16.5820954468
43.999999997,3.42454114248e+11,13.5176234331
44.999999997,3.42452971776e+11,11.1398608732
45.9999999969,3.42451829304e+11,9.80404388726
46.9999999969,3.42450686833e+11,7.39309101156
47.9999999968,3.42449544361e+11,5.39422731455
48.9999999968,3.42448401889e+11,4.38676027959
49.9999999968,3.42447259418e+11,2.90370333488
50.9999999967,3.42446116946e+11,3.00163993463
51.9999999967,3.42444974474e+11,6.12493316837
52.9999999966,3.42443832003e+11,4.87786522191
53.9999999966,3.42442689531e+11,2.35711876147
54.9999999965,3.42441547059e+11,2.297523419
55.9999999965,3.42440404588e+11,1.60697658416
56.9999999964,3.42439262116e+11,0.436378754272
57.9999999964,3.42438119645e+11,0.582003000489
58.9999999963,3.42436977173e+11,0.166146356097
59.9999999963,3.42435834701e+11,0.232565452474
60.9999999962,3.4243469223e+11,0.283337424458
61.9999999962,3.42433549758e+11,0.0158869034251
62.9999999962,3.42432407286e+11,-0.0590202324929
63.9999999961,3.42431264815e+11,-0.0344544628603
64.9999999961,3.42430122343e+11,0.0195159596781
65.999999996,3.42428979871e+11,0.0293886282345
66.999999996,3.424278374e+11,0.322756738824
67.999999996,3.42426694928e+11,-0.0516981192899
68.9999999959,3.42425552456e+11,-0.0599915232342
69.9999999959,3.42424409985e+11,-0.551503090175
70.9999999958,3.42423267513e+11,0.225219724225
71.9999999958,3.42422125041e+11,-0.0304589120922
72.9999999958,3.4242098257e+11,-0.0746780498247
73.9999999957,3.42419840098e+11,0.243083052562
74.9999999957,3.42418697627e+11,0.140386515805
75.9999999956,3.42417555155e+11,0.00822694865866
76.9999999956,3.42416412683e+11,-0.371052524412
77.9999999955,3.42415270212e+11,-0.399184887223
78.9999999954,3.4241412774e+11,-0.0840529176487
79.9999999954,3.42412985268e+11,-0.151988784931
80.9999999954,3.42411842797e+11,0.167913419817
81.9999999954,3.42410700325e+11,-0.100737074993
82.9999999953,3.42409557853e+11,-0.425700093248
83.9999999952,3.42408415382e+11,0.121103844034
84.9999999952,3.4240727291e+11,0.374226563906
85.9999999952,3.42406130438e+11,0.408894684731
86.9999999951,3.42404987967e+11,0.471339453043
87.9999999951,3.42403845495e+11,-0.0905190200496
88.9999999951,3.42402703023e+11,0.277490660775
89.999999995,3.42401560552e+11,0.121189645324
90.999999995,3.4240041808e+11,-0.200540694198
91.9999999949,3.42399275609e+11,0.332649311703
92.9999999949,3.42398133137e+11,0.683646278053
93.9999999949,3.42396990665e+11,0.931587011288
