# Major, minor, position_angle:	8.06832686067	6.51093572378	-80.1619873047
Velocity,Frequency,Flux Density
-25.0,3.31151342747e+11,-0.6205990267
-24.0,3.31150238237e+11,0.195748837952
-23.0000000001,3.31149133727e+11,-0.128814154766
-22.0000000002,3.31148029217e+11,0.503325954378
-21.0000000002,3.31146924707e+11,0.450427020583
-20.0000000002,3.31145820197e+11,-0.544498225768
-19.0000000003,3.31144715688e+11,-0.0764251200181
-18.0000000003,3.31143611178e+11,-0.0359035235354
-17.0000000004,3.31142506668e+11,0.104266972379
-16.0000000005,3.31141402158e+11,0.282412800845
-15.0000000005,3.31140297648e+11,-0.00273105668325
-14.0000000006,3.31139193138e+11,-0.124573818446
-13.0000000006,3.31138088628e+11,0.085894735682
-12.0000000007,3.31136984118e+11,0.620376815271
-11.0000000007,3.31135879609e+11,0.00115286870899
-10.0000000008,3.31134775099e+11,-0.445378329923
-9.00000000083,3.31133670589e+11,0.0682563957203
-8.00000000093,3.31132566079e+11,-0.649315078038
-7.00000000095,3.31131461569e+11,0.0696766230834
-6.00000000098,3.31130357059e+11,-0.213161608902
-5.00000000107,3.31129252549e+11,-0.309086620032
-4.0000000011,3.31128148039e+11,-0.595130083666
-3.00000000119,3.3112704353e+11,-0.902051413794
-2.00000000121,3.3112593902e+11,-1.22285548556
-1.00000000124,3.3112483451e+11,-0.542537425165
-1.33134595792e-09,3.3112373e+11,0.0442087717493
0.99999999861,3.3112262549e+11,-0.388232824311
1.99999999855,3.3112152098e+11,0.351784930881
2.99999999853,3.3112041647e+11,0.69956663323
3.99999999847,3.31119311961e+11,0.710836092871
4.99999999841,3.31118207451e+11,1.59283801315
5.99999999835,3.31117102941e+11,2.37574973724
6.99999999829,3.31115998431e+11,3.09647452433
7.9999999982,3.31114893921e+11,3.64185779235
8.9999999982,3.31113789411e+11,4.66650888486
9.99999999815,3.31112684901e+11,3.3973852231
10.9999999981,3.31111580391e+11,3.59839494589
11.999999998,3.31110475882e+11,3.23112676718
12.999999998,3.31109371372e+11,2.75701740666
13.9999999979,3.31108266862e+11,2.97455573359
14.9999999979,3.31107162352e+11,2.71000059085
15.9999999978,3.31106057842e+11,1.56479248721
16.9999999978,3.31104953332e+11,-0.198552097864
17.9999999977,3.31103848822e+11,-0.217439775655
18.9999999976,3.31102744312e+11,-0.911924365503
19.9999999976,3.31101639803e+11,-0.673935916606
20.9999999975,3.31100535293e+11,-0.7410090908
21.9999999975,3.31099430783e+11,-0.543427144
22.9999999974,3.31098326273e+11,-0.890573414626
23.9999999974,3.31097221763e+11,-0.985863063516
24.9999999973,3.31096117253e+11,-1.15094834115
25.9999999973,3.31095012743e+11,-1.32940719249
26.9999999972,3.31093908233e+11,-0.658481135735
27.9999999972,3.31092803724e+11,-0.433516573041
28.9999999971,3.31091699214e+11,-1.32408541687
29.9999999971,3.31090594704e+11,-0.534406718431
30.999999997,3.31089490194e+11,0.0600284361396
31.9999999969,3.31088385684e+11,1.18869688038
32.9999999969,3.31087281174e+11,2.28800248216
33.9999999968,3.31086176664e+11,3.71583929065
34.9999999968,3.31085072154e+11,5.72419833881
35.9999999967,3.31083967645e+11,7.22283741429
36.9999999967,3.31082863135e+11,11.0733074463
37.9999999966,3.31081758625e+11,13.6396818278
38.9999999966,3.31080654115e+11,16.3080341415
39.9999999965,3.31079549605e+11,16.5191865584
40.9999999965,3.31078445095e+11,15.9304877534
41.9999999964,3.31077340585e+11,12.5488082452
42.9999999964,3.31076236075e+11,10.4750842093
43.9999999963,3.31075131566e+11,6.94518923918
44.9999999963,3.31074027056e+11,3.51013227397
45.9999999962,3.31072922546e+11,1.11317875506
46.9999999961,3.31071818036e+11,-1.73392538099
47.9999999961,3.31070713526e+11,-2.6038341024
48.999999996,3.31069609016e+11,-2.90687645498
49.999999996,3.31068504506e+11,-3.54519429694
50.9999999959,3.31067399996e+11,-1.98221404446
51.9999999959,3.31066295487e+11,-1.16307936084
52.9999999958,3.31065190977e+11,-0.406336101502
53.9999999958,3.31064086467e+11,0.244271453594
54.9999999957,3.31062981957e+11,0.171721724352
55.9999999957,3.31061877447e+11,-0.425301625511
56.9999999956,3.31060772937e+11,0.374250699356
57.9999999955,3.31059668427e+11,1.31005423028
58.9999999955,3.31058563917e+11,0.477370528186
59.9999999955,3.31057459408e+11,-0.737139195698
60.9999999954,3.31056354898e+11,-0.600163306806
61.9999999953,3.31055250388e+11,-0.331339492786
62.9999999953,3.31054145878e+11,-0.217245482146
63.9999999952,3.31053041368e+11,-0.00683903399749
64.9999999951,3.31051936858e+11,0.0297043750788
65.9999999951,3.31050832348e+11,-0.193513741341
66.9999999951,3.31049727838e+11,-0.125691100802
67.999999995,3.31048623329e+11,0.208198864008
68.999999995,3.31047518819e+11,0.7919688686
69.9999999949,3.31046414309e+11,0.0039783212014
70.9999999948,3.31045309799e+11,0.467699105722
71.9999999948,3.31044205289e+11,-0.772880438194
72.9999999947,3.31043100779e+11,0.464977928345
73.9999999947,3.31041996269e+11,0.664061472738
74.9999999946,3.31040891759e+11,-0.527916838343
75.9999999946,3.3103978725e+11,0.325440980082
76.9999999945,3.3103868274e+11,-0.0070126700339
77.9999999945,3.3103757823e+11,-0.0142926883091
78.9999999944,3.3103647372e+11,-0.49233529238
79.9999999944,3.3103536921e+11,-0.210320203941
80.9999999943,3.310342647e+11,0.091705576338
81.9999999943,3.3103316019e+11,0.198306563698
82.9999999942,3.3103205568e+11,-0.21868705701
83.9999999941,3.31030951171e+11,-0.134312270299
84.9999999941,3.31029846661e+11,-0.136309260115
85.999999994,3.31028742151e+11,-0.27992176798
86.999999994,3.31027637641e+11,-0.348312730104
87.9999999939,3.31026533131e+11,-0.140208140795
88.9999999939,3.31025428621e+11,-0.609806872632
89.9999999938,3.31024324111e+11,-0.44038917083
90.9999999938,3.31023219601e+11,0.32316276048
91.9999999937,3.31022115092e+11,0.594310612781
92.9999999936,3.31021010582e+11,0.157086841387
93.9999999936,3.31019906072e+11,0.498787655014
