# Major, minor, position_angle:	0.0394694831658	0.0310347939761	-76.4707945955
Velocity,Frequency,Flux Density
-25.0,3.42676209737e+11,0.0247077841632
-24.0,3.42675066788e+11,0.0663408358255
-23.0000000001,3.42673923838e+11,0.0326296418862
-22.0000000001,3.42672780889e+11,-0.00221385358805
-21.0000000001,3.42671637939e+11,-0.0183560589048
-20.0000000002,3.4267049499e+11,-0.00111746288439
-19.0000000002,3.4266935204e+11,-0.00578469499669
-18.0000000003,3.42668209091e+11,0.0796945848233
-17.0000000003,3.42667066141e+11,-0.0687969349965
-16.0000000004,3.42665923192e+11,-0.0317989693722
-15.0000000004,3.42664780242e+11,-0.0179905560417
-14.0000000004,3.42663637293e+11,-0.00191139132221
-13.0000000005,3.42662494343e+11,0.0575923241558
-12.0000000005,3.42661351394e+11,0.0400129256668
-11.0000000006,3.42660208444e+11,-0.021604242007
-10.0000000006,3.42659065495e+11,-0.0166173059915
-9.00000000063,3.42657922545e+11,0.0471754296123
-8.00000000066,3.42656779596e+11,-0.0460891801049
-7.00000000075,3.42655636646e+11,-0.0353806243438
-6.00000000078,3.42654493697e+11,-0.00536268344899
-5.0000000008,3.42653350747e+11,-0.0201739732097
-4.00000000083,3.42652207798e+11,0.012326035403
-3.00000000092,3.42651064848e+11,-0.0029901448288
-2.00000000095,3.42649921899e+11,-0.0633819846844
-1.00000000097,3.42648778949e+11,-0.150424822772
-9.98509468442e-10,3.42647636e+11,-0.0314037738499
0.999999998943,3.42646493051e+11,-0.015486773782
1.99999999892,3.42645350101e+11,-0.00395602358435
2.99999999886,3.42644207152e+11,0.00757430229714
3.99999999883,3.42643064202e+11,0.0577160650282
4.99999999881,3.42641921253e+11,0.0485988569981
5.99999999875,3.42640778303e+11,0.0336845581551
6.99999999869,3.42639635354e+11,-0.0060060269825
7.99999999866,3.42638492404e+11,-0.00814976066385
8.9999999986,3.42637349455e+11,0.0455802639935
9.99999999858,3.42636206505e+11,-0.00270624243058
10.9999999985,3.42635063556e+11,-0.0454772419762
11.9999999985,3.42633920606e+11,0.0436553283143
12.9999999985,3.42632777657e+11,0.00478936743821
13.9999999984,3.42631634707e+11,0.00489501250604
14.9999999984,3.42630491758e+11,-0.00976952372912
15.9999999983,3.42629348808e+11,-0.0424741208299
16.9999999983,3.42628205859e+11,0.0436129310765
17.9999999982,3.42627062909e+11,0.0870810253473
18.9999999982,3.4262591996e+11,-0.0407641395723
19.9999999982,3.4262477701e+11,-0.032151306239
20.9999999981,3.42623634061e+11,-0.0194146242757
21.9999999981,3.42622491111e+11,-0.118466146647
22.999999998,3.42621348162e+11,-0.188573941123
23.999999998,3.42620205212e+11,-0.174689517298
24.999999998,3.42619062263e+11,-0.239647253416
25.9999999979,3.42617919313e+11,-0.278066467843
26.9999999979,3.42616776364e+11,-0.284706712002
27.9999999979,3.42615633414e+11,-0.306227113353
28.9999999978,3.42614490465e+11,-0.316339746118
29.9999999978,3.42613347515e+11,-0.29515363439
30.9999999977,3.42612204566e+11,-0.286303816014
31.9999999977,3.42611061616e+11,-0.145668604644
32.9999999976,3.42609918667e+11,-0.00593227806985
33.9999999976,3.42608775717e+11,0.158285591227
34.9999999975,3.42607632768e+11,0.301517516325
35.9999999975,3.42606489818e+11,0.480115209008
36.9999999975,3.42605346869e+11,0.776086809114
37.9999999974,3.4260420392e+11,0.820741891861
38.9999999974,3.4260306097e+11,0.900221716613
39.9999999973,3.42601918021e+11,0.901888033375
40.9999999973,3.42600775071e+11,0.773529221304
41.9999999972,3.42599632122e+11,0.507840805687
42.9999999972,3.42598489172e+11,0.133993372616
43.9999999972,3.42597346223e+11,-0.121891738323
44.9999999971,3.42596203273e+11,-0.494854428864
45.9999999971,3.42595060324e+11,-0.770637983922
46.9999999971,3.42593917374e+11,-0.929449755466
47.999999997,3.42592774425e+11,-1.04210554389
48.999999997,3.42591631475e+11,-1.11623918777
49.9999999969,3.42590488526e+11,-0.885398183949
50.9999999969,3.42589345576e+11,-0.773248277139
51.9999999968,3.42588202627e+11,-0.494602259248
52.9999999968,3.42587059677e+11,-0.27976131998
53.9999999968,3.42585916728e+11,-0.0930357310135
54.9999999967,3.42584773778e+11,-0.012831053682
55.9999999967,3.42583630829e+11,-0.0810262177256
56.9999999966,3.42582487879e+11,-0.0318046532393
57.9999999966,3.4258134493e+11,-0.0584157332878
58.9999999965,3.4258020198e+11,-0.0280548483061
59.9999999965,3.42579059031e+11,-0.0255967704388
60.9999999964,3.42577916081e+11,-0.00449233147629
61.9999999964,3.42576773132e+11,0.00456886533993
62.9999999964,3.42575630182e+11,0.00487095400604
63.9999999964,3.42574487233e+11,0.0339447660235
64.9999999963,3.42573344283e+11,0.0522052199121
65.9999999963,3.42572201334e+11,0.0511339046643
66.9999999962,3.42571058384e+11,0.0365293375771
67.9999999962,3.42569915435e+11,0.0253930069412
68.9999999962,3.42568772485e+11,0.0887058606968
69.9999999961,3.42567629536e+11,-0.00384682217555
70.9999999961,3.42566486586e+11,-0.0341649855527
71.999999996,3.42565343637e+11,-0.0485348812513
72.999999996,3.42564200687e+11,0.040317411349
73.9999999959,3.42563057738e+11,0.0568597739548
74.9999999959,3.42561914788e+11,0.0534451874755
75.9999999959,3.42560771839e+11,0.0866890272591
76.9999999958,3.4255962889e+11,6.44975516479e-05
77.9999999958,3.4255848594e+11,-0.0747060411859
78.9999999957,3.42557342991e+11,-0.04156002936
79.9999999957,3.42556200041e+11,-0.0482624293363
80.9999999957,3.42555057092e+11,-0.0824348409442
81.9999999956,3.42553914142e+11,-0.0219672444
82.9999999956,3.42552771193e+11,-0.0694822557853
83.9999999955,3.42551628243e+11,-0.051308699718
84.9999999955,3.42550485294e+11,-0.0773085142137
85.9999999955,3.42549342344e+11,-0.071096512544
86.9999999954,3.42548199395e+11,0.00362927425158
87.9999999954,3.42547056445e+11,-0.0400687931324
88.9999999953,3.42545913496e+11,0.0317583949309
89.9999999953,3.42544770546e+11,0.013857191967
90.9999999952,3.42543627597e+11,0.0709081425812
91.9999999952,3.42542484647e+11,-0.0143217898367
92.9999999951,3.42541341698e+11,0.0450227253023
93.9999999951,3.42540198748e+11,0.0476113538753
