# Major, minor, position_angle:	7.89389663316	6.20695879522	-76.4707945955
Velocity,Frequency,Flux Density
-25.0,3.42676209737e+11,-0.298316588112
-24.0,3.42675066788e+11,0.013766060981
-23.0000000001,3.42673923838e+11,0.117927856499
-22.0000000001,3.42672780889e+11,-0.223274019882
-21.0000000001,3.42671637939e+11,-0.385085502204
-20.0000000002,3.4267049499e+11,-0.146678445991
-19.0000000002,3.4266935204e+11,0.254892658492
-18.0000000003,3.42668209091e+11,0.170091581693
-17.0000000003,3.42667066141e+11,-0.0358116613984
-16.0000000004,3.42665923192e+11,0.51071348805
-15.0000000004,3.42664780242e+11,0.241578739455
-14.0000000004,3.42663637293e+11,0.389130515418
-13.0000000005,3.42662494343e+11,0.144024210124
-12.0000000005,3.42661351394e+11,-0.24362287242
-11.0000000006,3.42660208444e+11,-0.0601469012412
-10.0000000006,3.42659065495e+11,-0.196059364006
-9.00000000063,3.42657922545e+11,-0.0685176327194
-8.00000000066,3.42656779596e+11,-0.0356164256111
-7.00000000075,3.42655636646e+11,0.718450236506
-6.00000000078,3.42654493697e+11,-0.212065336679
-5.0000000008,3.42653350747e+11,-0.452315917695
-4.00000000083,3.42652207798e+11,-0.0287646736531
-3.00000000092,3.42651064848e+11,0.306831650209
-2.00000000095,3.42649921899e+11,-0.215675093074
-1.00000000097,3.42648778949e+11,0.112748980922
-9.98509468442e-10,3.42647636e+11,-0.108302906722
0.999999998943,3.42646493051e+11,0.0455372076138
1.99999999892,3.42645350101e+11,0.122171822128
2.99999999886,3.42644207152e+11,0.137110699042
3.99999999883,3.42643064202e+11,0.36561555968
4.99999999881,3.42641921253e+11,-0.229130538027
5.99999999875,3.42640778303e+11,0.35549601485
6.99999999869,3.42639635354e+11,0.124635046008
7.99999999866,3.42638492404e+11,-0.267838427846
8.9999999986,3.42637349455e+11,0.157672185039
9.99999999858,3.42636206505e+11,0.345219837681
10.9999999985,3.42635063556e+11,-0.159173593128
11.9999999985,3.42633920606e+11,0.27650957202
12.9999999985,3.42632777657e+11,-0.190945915289
13.9999999984,3.42631634707e+11,-0.0624478461214
14.9999999984,3.42630491758e+11,-0.737619362956
15.9999999983,3.42629348808e+11,-0.776115714756
16.9999999983,3.42628205859e+11,0.351013394816
17.9999999982,3.42627062909e+11,0.320481749244
18.9999999982,3.4262591996e+11,-0.406940144976
19.9999999982,3.4262477701e+11,-0.552756868688
20.9999999981,3.42623634061e+11,-0.173302751273
21.9999999981,3.42622491111e+11,-0.410601907384
22.999999998,3.42621348162e+11,-0.38989218816
23.999999998,3.42620205212e+11,-0.15270266817
24.999999998,3.42619062263e+11,-0.701230690457
25.9999999979,3.42617919313e+11,-0.187451298617
26.9999999979,3.42616776364e+11,-0.32340664807
27.9999999979,3.42615633414e+11,-0.795906476108
28.9999999978,3.42614490465e+11,-0.486658171211
29.9999999978,3.42613347515e+11,0.12182158459
30.9999999977,3.42612204566e+11,0.372071846233
31.9999999977,3.42611061616e+11,0.217297455189
32.9999999976,3.42609918667e+11,1.14664819761
33.9999999976,3.42608775717e+11,1.88265110785
34.9999999975,3.42607632768e+11,3.55409829591
35.9999999975,3.42606489818e+11,5.14901231682
36.9999999975,3.42605346869e+11,8.11545568231
37.9999999974,3.4260420392e+11,10.1916356755
38.9999999974,3.4260306097e+11,12.3116144034
39.9999999973,3.42601918021e+11,13.1317595593
40.9999999973,3.42600775071e+11,12.4125473686
41.9999999972,3.42599632122e+11,10.0894970914
42.9999999972,3.42598489172e+11,7.31513919293
43.9999999972,3.42597346223e+11,4.54726483239
44.9999999971,3.42596203273e+11,1.84304608647
45.9999999971,3.42595060324e+11,0.0392242273762
46.9999999971,3.42593917374e+11,-0.738669974793
47.999999997,3.42592774425e+11,-1.55888279859
48.999999997,3.42591631475e+11,-2.29255920429
49.9999999969,3.42590488526e+11,-1.53165804277
50.9999999969,3.42589345576e+11,-1.30209387435
51.9999999968,3.42588202627e+11,-0.413712953736
52.9999999968,3.42587059677e+11,0.0232637987634
53.9999999968,3.42585916728e+11,0.430558161986
54.9999999967,3.42584773778e+11,0.200966319483
55.9999999967,3.42583630829e+11,0.346407167363
56.9999999966,3.42582487879e+11,0.253686189808
57.9999999966,3.4258134493e+11,0.078339366057
58.9999999965,3.4258020198e+11,0.0517260371215
59.9999999965,3.42579059031e+11,0.12413521483
60.9999999964,3.42577916081e+11,-0.249243164469
61.9999999964,3.42576773132e+11,-0.13765493434
62.9999999964,3.42575630182e+11,-0.278932833361
63.9999999964,3.42574487233e+11,-0.256580876612
64.9999999963,3.42573344283e+11,-0.314714539278
65.9999999963,3.42572201334e+11,0.110172400366
66.9999999962,3.42571058384e+11,0.27485366229
67.9999999962,3.42569915435e+11,0.320329381296
68.9999999962,3.42568772485e+11,-0.27835878418
69.9999999961,3.42567629536e+11,0.134130321079
70.9999999961,3.42566486586e+11,0.0540609551318
71.999999996,3.42565343637e+11,-0.165405701526
72.999999996,3.42564200687e+11,-0.116362624408
73.9999999959,3.42563057738e+11,-0.020704570954
74.9999999959,3.42561914788e+11,-0.0120378018037
75.9999999959,3.42560771839e+11,0.812519025328
76.9999999958,3.4255962889e+11,0.181412407912
77.9999999958,3.4255848594e+11,-0.00149903580723
78.9999999957,3.42557342991e+11,0.163317082981
79.9999999957,3.42556200041e+11,0.419467392802
80.9999999957,3.42555057092e+11,-0.363753796943
81.9999999956,3.42553914142e+11,-0.281858453984
82.9999999956,3.42552771193e+11,-0.24440418971
83.9999999955,3.42551628243e+11,0.211919086937
84.9999999955,3.42550485294e+11,0.333084595029
85.9999999955,3.42549342344e+11,0.367572135688
86.9999999954,3.42548199395e+11,-0.164126081603
87.9999999954,3.42547056445e+11,0.0575609679496
88.9999999953,3.42545913496e+11,-0.15203862269
89.9999999953,3.42544770546e+11,-0.103329668821
90.9999999952,3.42543627597e+11,0.155698586884
91.9999999952,3.42542484647e+11,-0.241530032617
92.9999999951,3.42541341698e+11,-0.127333193474
93.9999999951,3.42540198748e+11,-0.112071410376
