-5.0,-0.443145130295
-3.99999999996,-0.454161600675
-2.99999999992,-0.61136655556
-1.99999999982,-0.535436125938
-0.999999999775,-0.678090307862
2.66269191584e-10,-0.743204182945
1.00000000034,-0.688679876737
2.00000000038,-0.826561908238
3.00000000046,-0.883431624621
4.0000000005,-0.923002379946
5.0000000006,-0.905267314054
6.00000000061,-1.06270057708
7.00000000069,-0.89679942932
8.00000000073,-0.843175061978
9.0000000008,-0.791768568568
10.0000000008,-0.722161824815
11.0000000009,-0.709606782533
12.000000001,-0.592880429234
13.000000001,-0.471701481147
14.0000000011,-0.512810087763
15.0000000011,-0.483109159628
16.0000000012,-0.520659157075
17.0000000012,-0.512402806431
18.0000000013,-0.486521851737
19.0000000013,-0.478552183136
20.0000000014,-0.524976182729
21.0000000014,-0.61448235251
22.0000000015,-0.593893552199
23.0000000016,-0.637569116428
24.0000000016,-0.579506256152
25.0000000017,-0.687354964204
26.0000000017,-0.728690719232
27.0000000018,-0.802427191287
28.0000000019,-0.807119106874
29.0000000019,-0.908218342811
30.000000002,-0.891160462983
31.000000002,-0.853622051887
32.0000000021,-0.893183073029
33.0000000021,-0.887628600001
34.0000000022,-0.699681895785
35.0000000022,-0.614926782902
36.0000000023,-0.404382542096
37.0000000023,-0.214013174464
38.0000000024,-0.0234726335621
39.0000000025,0.309032507881
40.0000000025,0.304660601221
41.0000000026,0.597994495067
42.0000000026,0.69521614234
43.0000000027,0.909289774951
44.0000000028,0.703640973428
45.0000000028,0.375846076058
46.0000000028,-0.102419550605
47.0000000029,-0.372819756216
48.0000000029,-0.815441765939
49.000000003,-1.01440210128
50.0000000031,-0.823603512486
51.0000000032,-0.896244155243
52.0000000032,-0.506654386656
53.0000000032,-0.319248960091
54.0000000033,-0.349753392453
55.0000000033,-0.360900862564
56.0000000034,-0.416520075523
57.0000000035,-0.415530594066
58.0000000035,-0.427981943823
59.0000000036,-0.551995039452
60.0000000037,-0.445565645583
61.0000000037,-0.467993788421
62.0000000038,-0.521598560968
63.0000000038,-0.510575121967
64.0000000038,-0.502502179239
65.0000000039,-0.52128842473
66.000000004,-0.580973762088
67.000000004,-0.528501835186
68.0000000041,-0.608475160319
69.0000000041,-0.54630878754
70.0000000042,-0.514998658095
71.0000000043,-0.433156542014
72.0000000043,-0.531104401452
73.0000000044,-0.562415721361
74.0000000045,-0.473494295031
75.0000000044,-0.521996089257
76.0000000045,-0.542941073421
77.0000000046,-0.505062400829
78.0000000047,-0.481487845071
79.0000000047,-0.532226422802
80.0000000048,-0.563721607439
81.0000000048,-0.571650003549
82.0000000049,-0.530062129255
83.0000000049,-0.573535243049
84.000000005,-0.41063697217
