# Major, minor, position_angle:	8.06709304452	6.51003196836	-80.1642684937
Velocity,Frequency,Flux Density
-25.0,3.31185731914e+11,-0.116095073984
-24.0,3.3118462729e+11,-0.826136175198
-22.9999999999,3.31183522665e+11,0.497258258465
-21.9999999999,3.31182418041e+11,0.592373418047
-20.9999999999,3.31181313416e+11,0.343468287588
-19.9999999999,3.31180208791e+11,-0.222445669546
-18.9999999998,3.31179104167e+11,0.0103229495247
-17.9999999998,3.31177999542e+11,-0.36231232232
-16.9999999998,3.31176894918e+11,-0.127442841818
-15.9999999998,3.31175790293e+11,0.0743747435583
-14.9999999997,3.31174685669e+11,0.373162464992
-13.9999999997,3.31173581044e+11,0.198089293408
-12.9999999997,3.31172476419e+11,-0.173349383709
-11.9999999996,3.31171371795e+11,0.407749706698
-10.9999999997,3.3117026717e+11,0.705926092741
-9.99999999961,3.31169162546e+11,0.470100500561
-8.99999999957,3.31168057921e+11,1.04444737786
-7.99999999953,3.31166953297e+11,1.63013440632
-6.99999999955,3.31165848672e+11,1.37938597241
-5.99999999951,3.31164744047e+11,0.561592319563
-4.99999999947,3.31163639423e+11,1.26740824685
-3.99999999943,3.31162534798e+11,0.855490779758
-2.99999999939,3.31161430174e+11,0.605192138374
-1.99999999942,3.31160325549e+11,0.511820295584
-0.999999999375,3.31159220925e+11,-0.516567997937
6.65672978961e-10,3.311581163e+11,0.447163521901
1.00000000067,3.31157011675e+11,0.636264916436
2.00000000071,3.31155907051e+11,-0.122388064506
3.00000000076,3.31154802426e+11,-0.0938889541367
4.00000000076,3.31153697802e+11,-0.040580829162
5.0000000008,3.31152593177e+11,0.137482247466
6.00000000081,3.31151488553e+11,-0.767324661691
7.00000000082,3.31150383928e+11,-0.175678345716
8.00000000086,3.31149279303e+11,0.0236166256095
9.00000000093,3.31148174679e+11,0.32039155229
10.0000000009,3.31147070054e+11,0.408141859832
11.0000000009,3.3114596543e+11,-0.520385448692
12.000000001,3.31144860805e+11,-0.282983509186
13.000000001,3.31143756181e+11,-0.0350014603773
14.0000000011,3.31142651556e+11,0.0629265261206
15.0000000011,3.31141546931e+11,0.159526458312
16.0000000011,3.31140442307e+11,0.0960956755314
17.0000000011,3.31139337682e+11,-0.259112307688
18.0000000011,3.31138233058e+11,0.0880317297012
19.0000000012,3.31137128433e+11,0.397908904773
20.0000000012,3.31136023809e+11,0.267031705768
21.0000000012,3.31134919184e+11,-0.536461793415
22.0000000013,3.31133814559e+11,0.000232825333569
23.0000000013,3.31132709935e+11,-0.402859123891
24.0000000013,3.3113160531e+11,-0.0996785837131
25.0000000013,3.31130500686e+11,-0.188663766766
26.0000000014,3.31129396061e+11,-0.303412751609
27.0000000013,3.31128291436e+11,-0.526986008382
28.0000000014,3.31127186812e+11,-0.85836116279
29.0000000014,3.31126082187e+11,-1.26076662761
30.0000000015,3.31124977563e+11,-0.555273638425
31.0000000015,3.31123872938e+11,0.101601121785
32.0000000015,3.31122768314e+11,-0.365950571056
33.0000000015,3.31121663689e+11,0.445102851053
34.0000000016,3.31120559064e+11,0.642163851032
35.0000000016,3.3111945444e+11,0.877634590124
36.0000000016,3.31118349815e+11,1.42506112502
37.0000000016,3.31117245191e+11,2.32259343281
38.0000000017,3.31116140566e+11,3.12061918369
39.0000000017,3.31115035942e+11,3.5677666406
40.0000000017,3.31113931317e+11,4.62668264383
41.0000000018,3.31112826692e+11,3.6676789173
42.0000000018,3.31111722068e+11,3.51321431242
43.0000000018,3.31110617443e+11,3.5261255245
44.0000000018,3.31109512819e+11,2.84106166386
45.0000000019,3.31108408194e+11,3.37654504738
46.0000000019,3.3110730357e+11,2.83807923578
47.0000000019,3.31106198945e+11,1.95028619219
48.0000000019,3.3110509432e+11,0.0727011513243
49.000000002,3.31103989696e+11,-0.149989498433
50.000000002,3.31102885071e+11,-0.602473116655
51.000000002,3.31101780447e+11,-0.605391395774
52.0000000021,3.31100675822e+11,-0.6149819681
53.000000002,3.31099571198e+11,-0.323274123802
54.0000000021,3.31098466573e+11,-0.713976650123
55.0000000021,3.31097361948e+11,-0.785785953941
56.0000000022,3.31096257324e+11,-0.958371599658
57.0000000022,3.31095152699e+11,-1.09226330067
58.0000000022,3.31094048075e+11,-0.574076193702
59.0000000022,3.3109294345e+11,-0.15415721837
60.0000000023,3.31091838826e+11,-1.09975889723
61.0000000023,3.31090734201e+11,-0.331608679887
62.0000000023,3.31089629576e+11,0.00864741083404
63.0000000024,3.31088524952e+11,1.36349835486
64.0000000024,3.31087420327e+11,2.37205050731
65.0000000024,3.31086315703e+11,3.8529748385
66.0000000024,3.31085211078e+11,5.54425167484
67.0000000024,3.31084106454e+11,7.19717653142
68.0000000025,3.31083001829e+11,10.8804828423
69.0000000025,3.31081897204e+11,13.5947684099
70.0000000025,3.3108079258e+11,16.2275834618
71.0000000026,3.31079687955e+11,16.9314029748
72.0000000026,3.31078583331e+11,16.477045601
73.0000000026,3.31077478706e+11,13.0691809101
74.0000000027,3.31076374081e+11,11.1821083079
75.0000000027,3.31075269457e+11,7.79188501093
76.0000000027,3.31074164832e+11,4.29721821045
77.0000000027,3.31073060208e+11,1.56331284752
78.0000000028,3.31071955583e+11,-1.07962061244
79.0000000028,3.31070850959e+11,-2.28354370134
80.0000000028,3.31069746334e+11,-2.48690848472
81.0000000028,3.31068641709e+11,-3.24598436325
82.0000000029,3.31067537085e+11,-1.7563330861
83.0000000029,3.3106643246e+11,-0.828408287541
84.0000000029,3.31065327836e+11,-0.26806374856
85.0000000029,3.31064223211e+11,0.612217291457
86.0000000029,3.31063118587e+11,0.590203783717
87.000000003,3.31062013962e+11,0.0832688496811
88.000000003,3.31060909337e+11,0.437374177741
89.000000003,3.31059804713e+11,1.61007669281
90.0000000031,3.31058700088e+11,1.11525770491
91.0000000031,3.31057595464e+11,-0.366842724775
92.0000000031,3.31056490839e+11,-0.183445150133
93.0000000031,3.31055386215e+11,0.00300008664377
94.0000000032,3.3105428159e+11,0.26040072136
