# Major, minor, position_angle:	0.0403416343033	0.0325546786189	-80.1619873047
Velocity,Frequency,Flux Density
-25.0,3.31151342747e+11,-0.0436599819204
-24.0,3.31150238237e+11,0.140925047677
-23.0000000001,3.31149133727e+11,-0.109597648207
-22.0000000002,3.31148029217e+11,0.100991430882
-21.0000000002,3.31146924707e+11,0.121759564128
-20.0000000002,3.31145820197e+11,0.0809535467342
-19.0000000003,3.31144715688e+11,-0.0777986296889
-18.0000000003,3.31143611178e+11,-0.00413297499836
-17.0000000004,3.31142506668e+11,0.0276449580692
-16.0000000005,3.31141402158e+11,0.107607673417
-15.0000000005,3.31140297648e+11,0.000944764062297
-14.0000000006,3.31139193138e+11,-0.0226666727258
-13.0000000006,3.31138088628e+11,-0.0432808220648
-12.0000000007,3.31136984118e+11,0.0813758400909
-11.0000000007,3.31135879609e+11,0.029207846761
-10.0000000008,3.31134775099e+11,-0.0263494277378
-9.00000000083,3.31133670589e+11,0.0163361457526
-8.00000000093,3.31132566079e+11,-0.255087116253
-7.00000000095,3.31131461569e+11,0.0565685713473
-6.00000000098,3.31130357059e+11,-0.116973819604
-5.00000000107,3.31129252549e+11,-0.151646621438
-4.0000000011,3.31128148039e+11,-0.224080409389
-3.00000000119,3.3112704353e+11,-0.210489693098
-2.00000000121,3.3112593902e+11,-0.244493589969
-1.00000000124,3.3112483451e+11,-0.339405554347
-1.33134595792e-09,3.3112373e+11,-0.214404401693
0.99999999861,3.3112262549e+11,-0.360166819766
1.99999999855,3.3112152098e+11,0.0303107725776
2.99999999853,3.3112041647e+11,-0.0435108358106
3.99999999847,3.31119311961e+11,0.0618891099948
4.99999999841,3.31118207451e+11,0.149560569167
5.99999999835,3.31117102941e+11,0.257793319877
6.99999999829,3.31115998431e+11,0.323677821551
7.9999999982,3.31114893921e+11,0.368403410073
8.9999999982,3.31113789411e+11,0.512375819497
9.99999999815,3.31112684901e+11,0.512092118617
10.9999999981,3.31111580391e+11,0.485429690219
11.999999998,3.31110475882e+11,0.526838999707
12.999999998,3.31109371372e+11,0.487134919735
13.9999999979,3.31108266862e+11,0.514820481185
14.9999999979,3.31107162352e+11,0.284672655398
15.9999999978,3.31106057842e+11,0.232825401332
16.9999999978,3.31104953332e+11,-0.196179428194
17.9999999977,3.31103848822e+11,-0.1539376446
18.9999999976,3.31102744312e+11,-0.221663696575
19.9999999976,3.31101639803e+11,-0.267990725813
20.9999999975,3.31100535293e+11,-0.235744836973
21.9999999975,3.31099430783e+11,-0.140556717903
22.9999999974,3.31098326273e+11,-0.182479620329
23.9999999974,3.31097221763e+11,-0.253425745876
24.9999999973,3.31096117253e+11,-0.380394581473
25.9999999973,3.31095012743e+11,-0.307631712756
26.9999999972,3.31093908233e+11,-0.272731777281
27.9999999972,3.31092803724e+11,-0.292234114389
28.9999999971,3.31091699214e+11,-0.46615379164
29.9999999971,3.31090594704e+11,-0.198385426746
30.999999997,3.31089490194e+11,-0.161316495774
31.9999999969,3.31088385684e+11,-0.102800878842
32.9999999969,3.31087281174e+11,0.118252619799
33.9999999968,3.31086176664e+11,0.257583005612
34.9999999968,3.31085072154e+11,0.514577109367
35.9999999967,3.31083967645e+11,0.659813967533
36.9999999967,3.31082863135e+11,0.872002902441
37.9999999966,3.31081758625e+11,0.926718408242
38.9999999966,3.31080654115e+11,0.946520434693
39.9999999965,3.31079549605e+11,0.807157058734
40.9999999965,3.31078445095e+11,0.679320585681
41.9999999964,3.31077340585e+11,0.229482902723
42.9999999964,3.31076236075e+11,-0.254089139635
43.9999999963,3.31075131566e+11,-0.743086994655
44.9999999963,3.31074027056e+11,-1.06092376594
45.9999999962,3.31072922546e+11,-1.3336721356
46.9999999961,3.31071818036e+11,-1.58735019434
47.9999999961,3.31070713526e+11,-1.65320057701
48.999999996,3.31069609016e+11,-1.77758302633
49.999999996,3.31068504506e+11,-1.60229924973
50.9999999959,3.31067399996e+11,-1.17746743746
51.9999999959,3.31066295487e+11,-0.849588584621
52.9999999958,3.31065190977e+11,-0.469677214045
53.9999999958,3.31064086467e+11,-0.178241918489
54.9999999957,3.31062981957e+11,0.00730556818235
55.9999999957,3.31061877447e+11,-0.158179051592
56.9999999956,3.31060772937e+11,0.0501911738829
57.9999999955,3.31059668427e+11,0.0119435015513
58.9999999955,3.31058563917e+11,0.0928285319242
59.9999999955,3.31057459408e+11,-0.0208201217101
60.9999999954,3.31056354898e+11,-0.0534288082945
61.9999999953,3.31055250388e+11,-0.00609618749513
62.9999999953,3.31054145878e+11,-0.0223519416563
63.9999999952,3.31053041368e+11,0.0212347243905
64.9999999951,3.31051936858e+11,-0.126491259551
65.9999999951,3.31050832348e+11,-0.0814577237834
66.9999999951,3.31049727838e+11,-0.0238084888199
67.999999995,3.31048623329e+11,-0.0287939203845
68.999999995,3.31047518819e+11,0.18627161975
69.9999999949,3.31046414309e+11,-0.0653666526926
70.9999999948,3.31045309799e+11,0.0466419939817
71.9999999948,3.31044205289e+11,0.014607044126
72.9999999947,3.31043100779e+11,0.0839550844466
73.9999999947,3.31041996269e+11,0.0111103577337
74.9999999946,3.31040891759e+11,-0.0427230799942
75.9999999946,3.3103978725e+11,0.0402321727296
76.9999999945,3.3103868274e+11,-0.0915693729767
77.9999999945,3.3103757823e+11,0.0391678031738
78.9999999944,3.3103647372e+11,-0.0273887498115
79.9999999944,3.3103536921e+11,-0.00269953476163
80.9999999943,3.310342647e+11,0.118744458545
81.9999999943,3.3103316019e+11,0.0748398636479
82.9999999942,3.3103205568e+11,-0.0356171266176
83.9999999941,3.31030951171e+11,-0.0574049425595
84.9999999941,3.31029846661e+11,0.0441334077914
85.999999994,3.31028742151e+11,-0.0945734808975
86.999999994,3.31027637641e+11,-0.034804124818
87.9999999939,3.31026533131e+11,-0.0416112484163
88.9999999939,3.31025428621e+11,-0.128442555157
89.9999999938,3.31024324111e+11,-0.0231678207329
90.9999999938,3.31023219601e+11,0.0746670686767
91.9999999937,3.31022115092e+11,0.0851717914338
92.9999999936,3.31021010582e+11,-0.100090264503
93.9999999936,3.31019906072e+11,-0.0547036809248
