# Major, minor, position_angle:	7.86380985138	6.14847500189	-75.5674894106
Velocity,Frequency,Flux Density
-5.0,3.45345528947e+11,0.944632442647
-3.99999999996,3.45344377018e+11,1.0012651103
-2.99999999992,3.45343225088e+11,1.16868443686
-1.99999999988,3.45342073159e+11,1.42482928263
-0.999999999908,3.45340921229e+11,0.721172574084
1.99701893688e-10,3.453397693e+11,0.162775616834
1.00000000021,3.45338617371e+11,1.35042230688
2.00000000025,3.45337465441e+11,0.862312297023
3.00000000026,3.45336313512e+11,0.812746120188
4.0000000003,3.45335161582e+11,1.09599909611
5.00000000034,3.45334009653e+11,1.15354297359
6.00000000035,3.45332857723e+11,1.92516919326
7.00000000042,3.45331705794e+11,1.79383046829
8.00000000046,3.45330553864e+11,1.06483717809
9.00000000053,3.45329401935e+11,0.686336745464
10.0000000005,3.45328250005e+11,0.549750547556
11.0000000006,3.45327098076e+11,0.884914043415
12.0000000006,3.45325946146e+11,0.981465209224
13.0000000006,3.45324794217e+11,1.00485200104
14.0000000007,3.45323642287e+11,0.559337497795
15.0000000007,3.45322490358e+11,0.508675900836
16.0000000008,3.45321338428e+11,1.08222510843
17.0000000008,3.45320186499e+11,1.50948615814
18.0000000008,3.45319034569e+11,1.24679381725
19.0000000009,3.4531788264e+11,1.29944811902
20.0000000009,3.4531673071e+11,1.35418899887
21.0000000009,3.45315578781e+11,0.907154124358
22.000000001,3.45314426852e+11,1.20477640809
23.000000001,3.45313274922e+11,1.10680047697
24.000000001,3.45312122993e+11,0.578868701973
25.0000000011,3.45310971063e+11,0.513358904606
26.0000000011,3.45309819134e+11,0.710715190427
27.0000000011,3.45308667204e+11,0.920941701936
28.0000000012,3.45307515275e+11,0.552034925736
29.0000000012,3.45306363345e+11,0.989947775067
30.0000000013,3.45305211416e+11,0.614377031064
31.0000000013,3.45304059486e+11,1.31882749822
32.0000000013,3.45302907557e+11,1.50273580675
33.0000000013,3.45301755627e+11,2.56357076659
34.0000000014,3.45300603698e+11,5.31064721431
35.0000000015,3.45299451768e+11,2.73647280078
36.0000000015,3.45298299839e+11,7.07931498287
37.0000000015,3.45297147909e+11,21.3184025491
38.0000000016,3.4529599598e+11,32.4244049312
39.0000000016,3.4529484405e+11,44.6850519211
40.0000000016,3.45293692121e+11,51.1236797552
41.0000000017,3.45292540191e+11,53.8812653935
42.0000000017,3.45291388262e+11,53.7738519139
43.0000000018,3.45290236332e+11,50.3608224506
44.0000000018,3.45289084403e+11,41.1339327036
45.0000000019,3.45287932474e+11,33.4977743526
46.0000000019,3.45286780544e+11,22.6972363211
47.0000000019,3.45285628615e+11,11.6256178354
48.0000000019,3.45284476685e+11,5.75017774493
49.000000002,3.45283324756e+11,3.05419244034
50.000000002,3.45282172826e+11,1.92377982934
51.0000000021,3.45281020897e+11,1.59218945901
52.0000000021,3.45279868967e+11,1.37350403678
53.0000000021,3.45278717038e+11,1.14896642152
54.0000000021,3.45277565108e+11,1.20206749461
55.0000000022,3.45276413179e+11,1.11968515489
56.0000000022,3.45275261249e+11,1.34664358397
57.0000000023,3.4527410932e+11,1.54355340313
58.0000000023,3.4527295739e+11,1.55709471482
59.0000000023,3.45271805461e+11,1.50135184551
60.0000000024,3.45270653531e+11,2.11170310168
61.0000000024,3.45269501602e+11,2.16366675667
62.0000000025,3.45268349672e+11,1.91520635638
63.0000000025,3.45267197743e+11,2.05072573157
64.0000000026,3.45266045813e+11,1.82629509991
65.0000000025,3.45264893884e+11,1.05482947198
66.0000000026,3.45263741955e+11,0.764866318759
67.0000000026,3.45262590025e+11,0.961849227673
68.0000000027,3.45261438096e+11,0.677161739164
69.0000000027,3.45260286166e+11,0.631314420832
70.0000000028,3.45259134237e+11,0.876679188026
71.0000000028,3.45257982307e+11,1.30128242265
72.0000000028,3.45256830378e+11,1.01038454753
73.0000000029,3.45255678448e+11,1.0153685976
74.0000000029,3.45254526519e+11,0.95010693363
75.0000000029,3.45253374589e+11,1.06781268103
76.000000003,3.4525222266e+11,0.854873707598
77.000000003,3.4525107073e+11,1.23440369191
78.0000000031,3.45249918801e+11,1.29978513325
79.0000000031,3.45248766871e+11,1.21939631314
80.0000000031,3.45247614942e+11,1.45582301882
81.0000000032,3.45246463012e+11,1.1640888616
82.0000000032,3.45245311083e+11,1.17233524638
83.0000000032,3.45244159153e+11,1.65470159573
84.0000000033,3.45243007224e+11,2.01551731594
