# Major, minor, position_angle:	7.87283006958	6.1601180308	-75.5453645339
Velocity,Frequency,Flux Density
-5.0,3.44922295589e+11,6.24842038443
-4.00000000003,3.44921145071e+11,3.72976707501
-2.99999999999,3.44919994553e+11,3.28135873042
-2.00000000002,3.44918844035e+11,1.86016728793
-0.999999999974,3.44917693518e+11,1.46957109627
0.0,3.44916543e+11,1.41417419838
1.00000000001,3.44915392482e+11,0.60471830603
2.00000000002,3.44914241965e+11,0.379079859212
3.00000000002,3.44913091447e+11,0.702854085305
4.0,3.44911940929e+11,0.882808277948
5.0,3.44910790411e+11,0.804893272412
6.00000000001,3.44909639894e+11,1.00217974551
7.00000000002,3.44908489376e+11,0.43390129583
7.99999999999,3.44907338858e+11,0.498185201738
9.00000000007,3.4490618834e+11,0.426997936958
9.99999999998,3.44905037823e+11,0.426358013585
11.0,3.44903887305e+11,1.40317500778
12.0,3.44902736787e+11,0.270525451761
13.0,3.44901586269e+11,0.818614309002
14.0000000001,3.44900435752e+11,0.552257061365
15.0,3.44899285234e+11,0.686410986094
16.0000000001,3.44898134716e+11,0.722288882753
17.0,3.44896984198e+11,-0.013283414677
18.0,3.44895833681e+11,-0.249326039001
19.0,3.44894683163e+11,-0.184013491484
20.0000000001,3.44893532645e+11,-0.258202845251
21.0,3.44892382127e+11,-0.745206966977
22.0000000001,3.4489123161e+11,-1.57476118065
23.0,3.44890081092e+11,-1.30883073301
24.0,3.44888930574e+11,-1.72764171679
25.0000000001,3.44887780056e+11,-1.1603965878
26.0000000001,3.44886629539e+11,-1.78983843745
27.0000000001,3.44885479021e+11,-1.4942897795
28.0000000001,3.44884328503e+11,-0.992509567997
29.0000000001,3.44883177985e+11,0.177977484399
30.0000000001,3.44882027468e+11,1.40942622658
31.0000000001,3.4488087695e+11,3.98353563341
32.0000000001,3.44879726432e+11,7.24542600194
33.0000000001,3.44878575914e+11,9.63822081109
34.0000000001,3.44877425397e+11,10.8767299519
35.0000000001,3.44876274879e+11,13.2262690375
36.0000000001,3.44875124361e+11,16.0535850861
37.0000000001,3.44873973843e+11,19.9965447171
38.0000000001,3.44872823326e+11,26.2070513439
39.0000000001,3.44871672808e+11,32.4930278109
40.0000000001,3.4487052229e+11,43.1282005203
41.0000000001,3.44869371772e+11,53.7027704517
42.0000000001,3.44868221255e+11,60.300162087
43.0000000001,3.44867070737e+11,57.2358067901
44.0000000001,3.44865920219e+11,49.6489752689
45.0000000001,3.44864769701e+11,37.1272869875
46.0000000001,3.44863619184e+11,26.8287391462
47.0000000001,3.44862468666e+11,17.2285767684
48.0000000001,3.44861318148e+11,9.16000979799
49.0000000001,3.4486016763e+11,3.0290128938
50.0000000001,3.44859017113e+11,-0.663343428016
51.0000000001,3.44857866595e+11,-2.75828997394
52.0000000001,3.44856716077e+11,-2.48407922812
53.0000000001,3.44855565559e+11,-3.06118972502
54.0000000001,3.44854415042e+11,1.56106201886
55.0000000001,3.44853264524e+11,8.12821350757
56.0000000002,3.44852114006e+11,0.959704989428
57.0000000001,3.44850963488e+11,1.95463098062
58.0000000001,3.44849812971e+11,1.62153214528
59.0000000001,3.44848662453e+11,1.06362688375
60.0000000002,3.44847511935e+11,0.827732208806
61.0000000002,3.44846361418e+11,1.05784146594
62.0000000002,3.448452109e+11,1.35228262046
63.0000000002,3.44844060382e+11,1.07021131274
64.0000000002,3.44842909864e+11,0.946208675456
65.0000000001,3.44841759347e+11,0.938547901854
66.0000000002,3.44840608829e+11,1.17857311306
67.0000000002,3.44839458311e+11,1.34551990214
68.0000000002,3.44838307793e+11,1.33921333173
69.0000000001,3.44837157276e+11,0.820990797209
70.0000000002,3.44836006758e+11,0.799312178371
71.0000000002,3.4483485624e+11,1.16437757923
72.0000000002,3.44833705722e+11,1.34996114881
73.0000000002,3.44832555205e+11,1.18592527363
74.0000000002,3.44831404687e+11,1.14794075679
75.0000000002,3.44830254169e+11,1.14021318994
76.0000000002,3.44829103651e+11,0.789826874303
77.0000000002,3.44827953134e+11,0.618505439207
78.0000000002,3.44826802616e+11,1.18946843555
79.0000000002,3.44825652098e+11,0.714174848139
80.0000000002,3.4482450158e+11,1.23231945638
81.0000000002,3.44823351063e+11,0.918967292899
82.0000000002,3.44822200545e+11,0.521597316085
83.0000000002,3.44821050027e+11,0.266621719507
84.0000000002,3.44819899509e+11,0.275785004676
