# Major, minor, position_angle:	0.0409964732826	0.0308784134686	-74.6338653564
Velocity,Frequency,Flux Density
-5.0,3.44316354483e+11,0.389679816552
-3.99999999996,3.44315205986e+11,0.414952735882
-2.99999999992,3.4431405749e+11,0.496164440177
-1.99999999988,3.44312908993e+11,0.442649753299
-0.999999999841,3.44311760497e+11,0.372456857469
1.99701893688e-10,3.44310612e+11,0.47461407166
1.00000000024,3.44309463503e+11,0.466124494094
2.00000000028,3.44308315007e+11,0.433538000565
3.00000000032,3.4430716651e+11,0.44096477842
4.00000000036,3.44306018014e+11,0.45600593416
5.0000000004,3.44304869517e+11,0.45854272088
6.00000000048,3.44303721021e+11,0.424800953828
7.00000000049,3.44302572524e+11,0.405720463255
8.00000000053,3.44301424027e+11,0.496636037715
9.0000000006,3.44300275531e+11,0.436858411878
10.0000000006,3.44299127034e+11,0.412735355552
11.0000000007,3.44297978538e+11,0.458832394797
12.0000000007,3.44296830041e+11,0.519327841699
13.0000000008,3.44295681544e+11,0.397346198559
14.0000000008,3.44294533048e+11,0.418765506241
15.0000000008,3.44293384551e+11,0.367226107512
16.0000000009,3.44292236055e+11,0.437855595723
17.0000000009,3.44291087558e+11,0.483157669194
18.000000001,3.44289939062e+11,0.465263196733
19.000000001,3.44288790565e+11,0.379120104481
20.0000000011,3.44287642068e+11,0.363377150148
21.0000000011,3.44286493572e+11,0.349089393392
22.0000000011,3.44285345075e+11,0.388977341354
23.0000000012,3.44284196579e+11,0.412356771529
24.0000000012,3.44283048082e+11,0.308580750716
25.0000000013,3.44281899586e+11,0.343801698647
26.0000000013,3.44280751089e+11,0.338348365854
27.0000000013,3.44279602592e+11,0.353944758885
28.0000000014,3.44278454096e+11,0.309706547821
29.0000000014,3.44277305599e+11,0.325472221477
30.0000000015,3.44276157103e+11,0.399903126992
31.0000000015,3.44275008606e+11,0.479944128543
32.0000000015,3.4427386011e+11,0.550946786534
33.0000000015,3.44272711613e+11,0.569591206498
34.0000000016,3.44271563116e+11,0.399348728824
35.0000000017,3.4427041462e+11,-1.41288592666
36.0000000017,3.44269266123e+11,-1.74527336843
37.0000000017,3.44268117627e+11,-0.520984538365
38.0000000018,3.4426696913e+11,-1.39767442713
39.0000000018,3.44265820633e+11,-1.88740245067
40.0000000019,3.44264672137e+11,-2.12173771299
41.0000000019,3.4426352364e+11,-2.13921824237
42.000000002,3.44262375144e+11,-2.2036913113
43.000000002,3.44261226647e+11,-2.04696053523
44.000000002,3.44260078151e+11,-1.80096881953
45.0000000021,3.44258929654e+11,-1.39228664269
46.0000000021,3.44257781157e+11,-1.16151715734
47.0000000022,3.44256632661e+11,-0.978891279781
48.0000000022,3.44255484164e+11,-0.521718245
49.0000000022,3.44254335668e+11,-0.208797052172
50.0000000023,3.44253187171e+11,0.0373655269213
51.0000000023,3.44252038675e+11,0.224039107576
52.0000000023,3.44250890178e+11,0.292517362162
53.0000000024,3.44249741681e+11,0.352736098226
54.0000000024,3.44248593185e+11,0.479595142882
55.0000000024,3.44247444688e+11,0.429768948816
56.0000000026,3.44246296192e+11,0.396941501182
57.0000000026,3.44245147695e+11,0.45591598656
58.0000000026,3.44243999198e+11,0.43195002852
59.0000000027,3.44242850702e+11,0.309620947577
60.0000000027,3.44241702205e+11,0.380197121762
61.0000000028,3.44240553709e+11,0.458047251217
62.0000000028,3.44239405212e+11,0.388152531348
63.0000000028,3.44238256716e+11,0.447877542581
64.0000000029,3.44237108219e+11,0.434485454578
65.0000000029,3.44235959722e+11,0.466374906246
66.000000003,3.44234811226e+11,0.491709349677
67.000000003,3.44233662729e+11,0.469296162948
68.000000003,3.44232514233e+11,0.414605142083
69.0000000031,3.44231365736e+11,0.519603398163
70.0000000031,3.4423021724e+11,0.549590066075
71.0000000032,3.44229068743e+11,0.428646565881
72.0000000032,3.44227920246e+11,0.383524375502
73.0000000033,3.4422677175e+11,0.415535317734
74.0000000033,3.44225623253e+11,0.476114181802
75.0000000033,3.44224474757e+11,0.525704185478
76.0000000034,3.4422332626e+11,0.500663540792
77.0000000034,3.44222177764e+11,0.418802148663
78.0000000035,3.44221029267e+11,0.511204219423
79.0000000035,3.4421988077e+11,0.450669944752
80.0000000035,3.44218732274e+11,0.448939246358
81.0000000036,3.44217583777e+11,0.43982346449
82.0000000036,3.44216435281e+11,0.430836068466
83.0000000036,3.44215286784e+11,0.507886850275
84.0000000037,3.44214138287e+11,0.449711604975
