# Major, minor, position_angle:	8.19929465652	6.17568269372	-74.6338653564
Velocity,Frequency,Flux Density
-5.0,3.44316354483e+11,1.10564336213
-3.99999999996,3.44315205986e+11,1.14092764645
-2.99999999992,3.4431405749e+11,1.22138526524
-1.99999999988,3.44312908993e+11,1.11123419531
-0.999999999841,3.44311760497e+11,1.19015654077
1.99701893688e-10,3.44310612e+11,1.54714317451
1.00000000024,3.44309463503e+11,0.97700803125
2.00000000028,3.44308315007e+11,1.41377524777
3.00000000032,3.4430716651e+11,0.623612724493
4.00000000036,3.44306018014e+11,0.808450004817
5.0000000004,3.44304869517e+11,0.733003281947
6.00000000048,3.44303721021e+11,0.364867307076
7.00000000049,3.44302572524e+11,0.574702448723
8.00000000053,3.44301424027e+11,0.750938114276
9.0000000006,3.44300275531e+11,0.407893059608
10.0000000006,3.44299127034e+11,0.700099226744
11.0000000007,3.44297978538e+11,0.856893107939
12.0000000007,3.44296830041e+11,1.41546122049
13.0000000008,3.44295681544e+11,1.86015117909
14.0000000008,3.44294533048e+11,1.58981769743
15.0000000008,3.44293384551e+11,1.15480547492
16.0000000009,3.44292236055e+11,1.10402086596
17.0000000009,3.44291087558e+11,1.29992307587
18.000000001,3.44289939062e+11,0.992826813553
19.000000001,3.44288790565e+11,0.971247124283
20.0000000011,3.44287642068e+11,0.712608285954
21.0000000011,3.44286493572e+11,0.830776801973
22.0000000011,3.44285345075e+11,0.601380271801
23.0000000012,3.44284196579e+11,0.287051191914
24.0000000012,3.44283048082e+11,0.973190819261
25.0000000013,3.44281899586e+11,1.34962339682
26.0000000013,3.44280751089e+11,0.70212145801
27.0000000013,3.44279602592e+11,1.60669046984
28.0000000014,3.44278454096e+11,0.917856663648
29.0000000014,3.44277305599e+11,1.25446656056
30.0000000015,3.44276157103e+11,1.80639825983
31.0000000015,3.44275008606e+11,3.60794800439
32.0000000015,3.4427386011e+11,6.44547875821
33.0000000015,3.44272711613e+11,10.5139232655
34.0000000016,3.44271563116e+11,15.6017974328
35.0000000017,3.4427041462e+11,15.1562168009
36.0000000017,3.44269266123e+11,22.7102985611
37.0000000017,3.44268117627e+11,38.2107521624
38.0000000018,3.4426696913e+11,41.0798428078
39.0000000018,3.44265820633e+11,44.8239774228
40.0000000019,3.44264672137e+11,48.7881732419
41.0000000019,3.4426352364e+11,51.3727492213
42.000000002,3.44262375144e+11,48.5511465892
43.000000002,3.44261226647e+11,45.2084168625
44.000000002,3.44260078151e+11,41.1651448991
45.0000000021,3.44258929654e+11,33.7698948993
46.0000000021,3.44257781157e+11,22.5932332488
47.0000000022,3.44256632661e+11,12.8900706862
48.0000000022,3.44255484164e+11,8.09431953393
49.0000000022,3.44254335668e+11,3.71162981137
50.0000000023,3.44253187171e+11,2.75730619542
51.0000000023,3.44252038675e+11,1.69509733692
52.0000000023,3.44250890178e+11,2.04372535567
53.0000000024,3.44249741681e+11,1.60384906778
54.0000000024,3.44248593185e+11,1.62773521778
55.0000000024,3.44247444688e+11,1.24084766984
56.0000000026,3.44246296192e+11,0.907484453408
57.0000000026,3.44245147695e+11,1.26677628474
58.0000000026,3.44243999198e+11,1.41342799208
59.0000000027,3.44242850702e+11,0.894034117888
60.0000000027,3.44241702205e+11,0.766118336103
61.0000000028,3.44240553709e+11,1.20404229753
62.0000000028,3.44239405212e+11,1.33140612295
63.0000000028,3.44238256716e+11,0.865919979231
64.0000000029,3.44237108219e+11,0.844560995075
65.0000000029,3.44235959722e+11,0.634768008507
66.000000003,3.44234811226e+11,0.709573983103
67.000000003,3.44233662729e+11,1.79515729479
68.000000003,3.44232514233e+11,2.11246100909
69.0000000031,3.44231365736e+11,1.85892039316
70.0000000031,3.4423021724e+11,2.67664690118
71.0000000032,3.44229068743e+11,2.01672979202
72.0000000032,3.44227920246e+11,1.63234085938
73.0000000033,3.4422677175e+11,1.71812907761
74.0000000033,3.44225623253e+11,1.64426241861
75.0000000033,3.44224474757e+11,1.64283786274
76.0000000034,3.4422332626e+11,1.13866345578
77.0000000034,3.44222177764e+11,0.62907204781
78.0000000035,3.44221029267e+11,1.58241860671
79.0000000035,3.4421988077e+11,1.07851786949
80.0000000035,3.44218732274e+11,1.30346877574
81.0000000036,3.44217583777e+11,1.14684195631
82.0000000036,3.44216435281e+11,0.68639017895
83.0000000036,3.44215286784e+11,1.16752248912
84.0000000037,3.44214138287e+11,1.11243476494
