# Major, minor, position_angle:	0.0393190492569	0.0307423750095	-75.5674894106
Velocity,Frequency,Flux Density
-5.0,3.45345528947e+11,0.437558496371
-3.99999999996,3.45344377018e+11,0.352169214748
-2.99999999992,3.45343225088e+11,0.349822415505
-1.99999999988,3.45342073159e+11,0.497946618591
-0.999999999908,3.45340921229e+11,0.527856445871
1.99701893688e-10,3.453397693e+11,0.4452648242
1.00000000021,3.45338617371e+11,0.385634750593
2.00000000025,3.45337465441e+11,0.439626506064
3.00000000026,3.45336313512e+11,0.524526330642
4.0000000003,3.45335161582e+11,0.518777289428
5.00000000034,3.45334009653e+11,0.442137813661
6.00000000035,3.45332857723e+11,0.417683639564
7.00000000042,3.45331705794e+11,0.419502826873
8.00000000046,3.45330553864e+11,0.494582463056
9.00000000053,3.45329401935e+11,0.470537505578
10.0000000005,3.45328250005e+11,0.498325095512
11.0000000006,3.45327098076e+11,0.547121976502
12.0000000006,3.45325946146e+11,0.483791369945
13.0000000006,3.45324794217e+11,0.442617796827
14.0000000007,3.45323642287e+11,0.389454834629
15.0000000007,3.45322490358e+11,0.465986478608
16.0000000008,3.45321338428e+11,0.403113796143
17.0000000008,3.45320186499e+11,0.516029101796
18.0000000008,3.45319034569e+11,0.441855149344
19.0000000009,3.4531788264e+11,0.431156026665
20.0000000009,3.4531673071e+11,0.444993216544
21.0000000009,3.45315578781e+11,0.407407791354
22.000000001,3.45314426852e+11,0.382351573789
23.000000001,3.45313274922e+11,0.430649379268
24.000000001,3.45312122993e+11,0.441528466064
25.0000000011,3.45310971063e+11,0.491079783533
26.0000000011,3.45309819134e+11,0.405914116185
27.0000000011,3.45308667204e+11,0.432695103809
28.0000000012,3.45307515275e+11,0.426787402015
29.0000000012,3.45306363345e+11,0.409953028429
30.0000000013,3.45305211416e+11,0.466156234033
31.0000000013,3.45304059486e+11,0.468459780794
32.0000000013,3.45302907557e+11,0.301232147031
33.0000000013,3.45301755627e+11,-0.0645003652171
34.0000000014,3.45300603698e+11,-0.492477244698
35.0000000015,3.45299451768e+11,-2.85634532571
36.0000000015,3.45298299839e+11,-2.84392245114
37.0000000015,3.45297147909e+11,0.0428212927209
38.0000000016,3.4529599598e+11,0.449795175722
39.0000000016,3.4529484405e+11,0.407359629462
40.0000000016,3.45293692121e+11,0.192051458609
41.0000000017,3.45292540191e+11,0.00454144284595
42.0000000017,3.45291388262e+11,-0.178159568459
43.0000000018,3.45290236332e+11,-0.244666573592
44.0000000018,3.45289084403e+11,-0.466010285891
45.0000000019,3.45287932474e+11,-0.242045614636
46.0000000019,3.45286780544e+11,0.0688722295163
47.0000000019,3.45285628615e+11,0.279977164464
48.0000000019,3.45284476685e+11,0.285368933924
49.000000002,3.45283324756e+11,0.387616654392
50.000000002,3.45282172826e+11,0.452892747242
51.0000000021,3.45281020897e+11,0.49086991325
52.0000000021,3.45279868967e+11,0.452746990602
53.0000000021,3.45278717038e+11,0.428082501981
54.0000000021,3.45277565108e+11,0.467526037246
55.0000000022,3.45276413179e+11,0.45866429247
56.0000000022,3.45275261249e+11,0.46532833064
57.0000000023,3.4527410932e+11,0.499567930587
58.0000000023,3.4527295739e+11,0.414321999997
59.0000000023,3.45271805461e+11,0.420285601169
60.0000000024,3.45270653531e+11,0.32102473866
61.0000000024,3.45269501602e+11,0.359677120112
62.0000000025,3.45268349672e+11,0.316655730712
63.0000000025,3.45267197743e+11,0.25154975355
64.0000000026,3.45266045813e+11,0.149557927682
65.0000000025,3.45264893884e+11,0.04963578975
66.0000000026,3.45263741955e+11,0.178626095241
67.0000000026,3.45262590025e+11,0.243877677596
68.0000000027,3.45261438096e+11,0.242127960664
69.0000000027,3.45260286166e+11,0.230300268158
70.0000000028,3.45259134237e+11,0.289246703032
71.0000000028,3.45257982307e+11,0.393390548881
72.0000000028,3.45256830378e+11,0.398228696547
73.0000000029,3.45255678448e+11,0.495386646129
74.0000000029,3.45254526519e+11,0.498580419458
75.0000000029,3.45253374589e+11,0.438659989275
76.000000003,3.4525222266e+11,0.421638059895
77.000000003,3.4525107073e+11,0.452139030211
78.0000000031,3.45249918801e+11,0.509333455935
79.0000000031,3.45248766871e+11,0.466209599748
80.0000000031,3.45247614942e+11,0.46900574537
81.0000000032,3.45246463012e+11,0.504333333112
82.0000000032,3.45245311083e+11,0.492841150146
83.0000000032,3.45244159153e+11,0.427482801024
84.0000000033,3.45243007224e+11,0.394331533927
