# Major, minor, position_angle:	7.89410290871	6.20721415941	-1.33506450631
Velocity,Frequency,Flux Density
-5.0,3.42510095358e+11,0.197614282625
-4.00000000003,3.42508952887e+11,0.750894362292
-3.00000000006,3.42507810415e+11,0.562352634972
-2.00000000015,3.42506667943e+11,0.282187779019
-1.00000000017,3.42505525472e+11,0.106822223397
-1.99701893688e-10,3.42504383e+11,0.265830035242
0.999999999741,3.42503240528e+11,0.048823955736
1.99999999972,3.42502098057e+11,-0.267111500284
2.99999999966,3.42500955585e+11,-0.0186394528869
3.9999999996,3.42499813113e+11,0.0166955813346
4.99999999961,3.42498670642e+11,0.137002795156
5.99999999948,3.4249752817e+11,0.0296962162728
6.99999999949,3.42496385698e+11,-0.566762000732
7.9999999994,3.42495243227e+11,-0.265272859321
8.9999999994,3.42494100755e+11,-0.0720758149216
9.99999999931,3.42492958284e+11,-0.301360104026
10.9999999993,3.42491815812e+11,-0.0370585008109
11.9999999993,3.4249067334e+11,0.10375426549
12.9999999992,3.42489530869e+11,-0.430716925499
13.9999999992,3.42488388397e+11,-0.557265964833
14.9999999991,3.42487245925e+11,-0.678685652822
15.9999999991,3.42486103454e+11,-0.455028352807
16.999999999,3.42484960982e+11,-0.798579799309
17.999999999,3.4248381851e+11,-0.72400692242
18.9999999989,3.42482676039e+11,-1.13475676134
19.9999999989,3.42481533567e+11,-1.65923017562
20.9999999988,3.42480391095e+11,-1.51663371753
21.9999999988,3.42479248624e+11,-1.74310072602
22.9999999988,3.42478106152e+11,-2.60112826989
23.9999999988,3.4247696368e+11,-1.70135692687
24.9999999987,3.42475821209e+11,-2.2815648405
25.9999999987,3.42474678737e+11,-2.17568124126
26.9999999986,3.42473536266e+11,-2.3317801292
27.9999999986,3.42472393794e+11,-2.33683191082
28.9999999985,3.42471251322e+11,-1.50312940975
29.9999999985,3.42470108851e+11,-0.502963303766
30.9999999984,3.42468966379e+11,0.608810712392
31.9999999984,3.42467823907e+11,1.38237182998
32.9999999984,3.42466681436e+11,3.11421114046
33.9999999983,3.42465538964e+11,5.83746862587
34.9999999983,3.42464396492e+11,9.45666741463
35.9999999982,3.42463254021e+11,15.1608370873
36.9999999982,3.42462111549e+11,18.9263081838
37.9999999982,3.42460969077e+11,22.8658148312
38.9999999981,3.42459826606e+11,23.6813761659
39.999999998,3.42458684134e+11,23.3203647725
40.999999998,3.42457541663e+11,22.7626997147
41.999999998,3.42456399191e+11,19.7911472756
42.9999999979,3.42455256719e+11,16.3321811488
43.9999999979,3.42454114248e+11,13.1352768663
44.9999999978,3.42452971776e+11,11.3051046754
45.9999999978,3.42451829304e+11,9.6298413779
46.9999999977,3.42450686833e+11,7.60007432225
47.9999999977,3.42449544361e+11,5.53381222943
48.9999999976,3.42448401889e+11,4.34660778518
49.9999999976,3.42447259418e+11,2.75183210725
50.9999999976,3.42446116946e+11,3.05348851824
51.9999999975,3.42444974474e+11,6.63162840262
52.9999999974,3.42443832003e+11,5.00184849647
53.9999999974,3.42442689531e+11,2.38159194735
54.9999999974,3.42441547059e+11,2.32791099711
55.9999999974,3.42440404588e+11,1.79919922635
56.9999999973,3.42439262116e+11,0.864911471596
57.9999999972,3.42438119645e+11,0.896083204639
58.9999999972,3.42436977173e+11,0.481683778601
59.9999999972,3.42435834701e+11,0.549560094129
60.9999999971,3.4243469223e+11,0.601789280312
61.9999999971,3.42433549758e+11,0.335795985586
62.9999999971,3.42432407286e+11,0.262346067081
63.999999997,3.42431264815e+11,0.288369060124
64.9999999969,3.42430122343e+11,0.343796709565
65.9999999969,3.42428979871e+11,0.355126582766
66.9999999969,3.424278374e+11,0.649951920252
67.9999999968,3.42426694928e+11,0.276954271296
68.9999999968,3.42425552456e+11,0.270118101114
69.9999999967,3.42424409985e+11,-0.219936243731
70.9999999967,3.42423267513e+11,0.558243776652
71.9999999967,3.42422125041e+11,0.30402236637
72.9999999966,3.4242098257e+11,0.261260449134
73.9999999966,3.42419840098e+11,0.580478779843
74.9999999965,3.42418697627e+11,0.479239452216
75.9999999965,3.42417555155e+11,0.348537110172
76.9999999964,3.42416412683e+11,-0.0292851423395
77.9999999964,3.42415270212e+11,-0.0559602854799
78.9999999963,3.4241412774e+11,0.260628899352
79.9999999963,3.42412985268e+11,0.194150252085
80.9999999963,3.42411842797e+11,0.515509678296
81.9999999962,3.42410700325e+11,0.248316404176
82.9999999962,3.42409557853e+11,-0.0751893932095
83.9999999961,3.42408415382e+11,0.473071765069
