# Major, minor, position_angle:	0.0394715648112	0.0310364863347	-76.4903282287
Velocity,Frequency,Flux Density
-25.0,3.42532944791e+11,-0.00582761008809
-24.0,3.4253180232e+11,0.00494060320489
-23.0000000001,3.42530659848e+11,-0.0131255067172
-22.0000000001,3.42529517376e+11,-0.017537231457
-21.0000000001,3.42528374905e+11,-0.0242760928668
-20.0000000002,3.42527232433e+11,-0.00399211452896
-19.0000000002,3.42526089961e+11,0.0225464241666
-18.0000000003,3.4252494749e+11,0.0199977181692
-17.0000000003,3.42523805018e+11,-0.00430888729898
-16.0000000004,3.42522662546e+11,-0.0123818908814
-15.0000000004,3.42521520075e+11,-0.00232529631148
-14.0000000004,3.42520377603e+11,-0.00528891278282
-13.0000000005,3.42519235131e+11,0.0181328860035
-12.0000000006,3.4251809266e+11,0.0597886698033
-11.0000000006,3.42516950188e+11,0.070943714878
-10.0000000006,3.42515807716e+11,0.0972417255398
-9.0000000007,3.42514665245e+11,0.048913640112
-8.00000000073,3.42513522773e+11,0.00281341005029
-7.00000000075,3.42512380302e+11,-0.0170740187259
-6.00000000078,3.4251123783e+11,-0.0211468447451
-5.00000000087,3.42510095358e+11,0.0106752809461
-4.0000000009,3.42508952887e+11,0.0131812357945
-3.00000000092,3.42507810415e+11,-0.0496715705649
-2.00000000101,3.42506667943e+11,0.0157840430657
-1.00000000104,3.42505525472e+11,-0.0449040509357
-1.06507676634e-09,3.42504383e+11,-0.0689031504637
0.999999998876,3.42503240528e+11,0.0316225696461
1.99999999885,3.42502098057e+11,-0.0370264439044
2.99999999879,3.42500955585e+11,0.0108699759694
3.99999999877,3.42499813113e+11,-0.029822214361
4.99999999874,3.42498670642e+11,-0.0929640130198
5.99999999868,3.4249752817e+11,-0.0429078443449
6.99999999862,3.42496385698e+11,-0.0272561065267
7.9999999986,3.42495243227e+11,-0.025417529172
8.99999999854,3.42494100755e+11,-0.0790079119906
9.99999999851,3.42492958284e+11,-0.115312232869
10.9999999985,3.42491815812e+11,-0.132318250719
11.9999999984,3.4249067334e+11,-0.223535049474
12.9999999984,3.42489530869e+11,-0.189466627548
13.9999999983,3.42488388397e+11,-0.300500380632
14.9999999983,3.42487245925e+11,-0.367337827804
15.9999999982,3.42486103454e+11,-0.330768311629
16.9999999982,3.42484960982e+11,-0.433171389624
17.9999999981,3.4248381851e+11,-0.535539632663
18.9999999981,3.42482676039e+11,-0.574964349158
19.9999999981,3.42481533567e+11,-0.878506686073
20.999999998,3.42480391095e+11,-0.904621306807
21.999999998,3.42479248624e+11,-0.874163759872
22.9999999979,3.42478106152e+11,-1.16411651298
23.9999999979,3.4247696368e+11,-1.10652109236
24.9999999978,3.42475821209e+11,-1.30051698349
25.9999999978,3.42474678737e+11,-1.29500307236
26.9999999977,3.42473536266e+11,-1.28668870218
27.9999999977,3.42472393794e+11,-1.29311036924
28.9999999977,3.42471251322e+11,-1.21288965503
29.9999999976,3.42470108851e+11,-1.12939547666
30.9999999976,3.42468966379e+11,-0.971576703247
31.9999999975,3.42467823907e+11,-1.00726704311
32.9999999975,3.42466681436e+11,-0.877751051186
33.9999999975,3.42465538964e+11,-0.787893787492
34.9999999974,3.42464396492e+11,-0.757775200123
35.9999999974,3.42463254021e+11,-1.05756503891
36.9999999973,3.42462111549e+11,-1.50143716391
37.9999999973,3.42460969077e+11,-1.86824762286
38.9999999972,3.42459826606e+11,-2.46452183882
39.9999999972,3.42458684134e+11,-3.06737382896
40.9999999971,3.42457541663e+11,-3.38401345164
41.9999999971,3.42456399191e+11,-3.72531540319
42.9999999971,3.42455256719e+11,-3.75228885561
43.999999997,3.42454114248e+11,-3.79254943505
44.999999997,3.42452971776e+11,-3.4038237296
45.9999999969,3.42451829304e+11,-3.04709227942
46.9999999969,3.42450686833e+11,-2.58696630038
47.9999999968,3.42449544361e+11,-2.04972832464
48.9999999968,3.42448401889e+11,-1.71299203247
49.9999999968,3.42447259418e+11,-1.38922789661
50.9999999967,3.42446116946e+11,-0.923208835884
51.9999999967,3.42444974474e+11,0.406758648314
52.9999999966,3.42443832003e+11,0.565225897124
53.9999999966,3.42442689531e+11,0.206358573545
54.9999999965,3.42441547059e+11,0.19921408534
55.9999999965,3.42440404588e+11,0.0705087526121
56.9999999964,3.42439262116e+11,-0.067252458437
57.9999999964,3.42438119645e+11,0.0234901076983
58.9999999963,3.42436977173e+11,0.00370942765585
59.9999999963,3.42435834701e+11,0.0752621276697
60.9999999962,3.4243469223e+11,-0.00842858332271
61.9999999962,3.42433549758e+11,-0.0350953514126
62.9999999962,3.42432407286e+11,-0.0179190653826
63.9999999961,3.42431264815e+11,0.0481969324355
64.9999999961,3.42430122343e+11,0.0216790128361
65.999999996,3.42428979871e+11,0.0305983543585
66.999999996,3.424278374e+11,-0.000676644467603
67.999999996,3.42426694928e+11,-0.035807915363
68.9999999959,3.42425552456e+11,-0.022199301231
69.9999999959,3.42424409985e+11,0.00739904760849
70.9999999958,3.42423267513e+11,0.0782202316332
71.9999999958,3.42422125041e+11,0.0183320830838
72.9999999958,3.4242098257e+11,-0.0172932096675
73.9999999957,3.42419840098e+11,0.0393258573167
74.9999999957,3.42418697627e+11,0.036963528124
75.9999999956,3.42417555155e+11,0.018191749642
76.9999999956,3.42416412683e+11,-0.0327243725951
77.9999999955,3.42415270212e+11,-0.0545575261785
78.9999999954,3.4241412774e+11,0.0498273391186
79.9999999954,3.42412985268e+11,-0.0113353080997
80.9999999954,3.42411842797e+11,-0.0353752755145
81.9999999954,3.42410700325e+11,-0.0130371946598
82.9999999953,3.42409557853e+11,-0.0515388279164
83.9999999952,3.42408415382e+11,-0.027499625633
84.9999999952,3.4240727291e+11,-0.00306424628798
85.9999999952,3.42406130438e+11,0.0592720413188
86.9999999951,3.42404987967e+11,-0.0113991708295
87.9999999951,3.42403845495e+11,-0.0133743082094
88.9999999951,3.42402703023e+11,-0.0685397801826
89.999999995,3.42401560552e+11,-0.0485521321483
90.999999995,3.4240041808e+11,0.0120616017371
91.9999999949,3.42399275609e+11,0.00176020670011
92.9999999949,3.42398133137e+11,-0.0501688145541
93.9999999949,3.42396990665e+11,-0.00254545205269
