-5.0,-0.185098785787
-3.99999999996,-0.275471739122
-2.99999999999,-0.204918567426
-1.99999999995,-0.278496329804
-0.999999999908,-0.319425254303
1.33134595792e-10,-0.272530454851
1.00000000014,-0.328599221524
2.00000000015,-0.257478660205
3.00000000019,-0.224961748463
4.00000000023,-0.194751194096
5.00000000027,-0.278707667778
6.00000000028,-0.363159028901
7.00000000029,-0.367475209001
8.00000000033,-0.167475287337
9.00000000033,-0.218127539246
10.0000000004,-0.231276106206
11.0000000004,-0.190144310734
12.0000000004,-0.288983317623
13.0000000005,-0.305869683216
14.0000000005,-0.265671092202
15.0000000005,-0.116920833134
16.0000000005,-0.298721478553
17.0000000006,-0.187659479183
18.0000000006,-0.221263834683
19.0000000006,-0.169229242216
20.0000000007,-0.227059688288
21.0000000006,-0.297071873443
22.0000000007,-0.361647264101
23.0000000007,-0.319274060195
24.0000000007,-0.51079430338
25.0000000008,-0.292092710268
26.0000000008,-0.319206692278
27.0000000008,-0.28942323802
28.0000000009,-0.207161593527
29.0000000009,-0.201693946437
30.0000000009,-0.129905172231
31.0000000009,-0.226883837655
32.000000001,-0.0898331442149
33.0000000009,0.127377521509
34.000000001,0.313644545757
35.000000001,0.622752233408
36.0000000011,1.00767273828
37.0000000011,1.37628224306
38.0000000012,1.34984329902
39.0000000012,1.20392825361
40.0000000012,0.859060480259
41.0000000012,0.529805198777
42.0000000012,0.348012229893
43.0000000013,0.241132202733
44.0000000013,0.190380182612
45.0000000013,0.00400922922563
46.0000000013,-0.304515498574
47.0000000014,-0.443603696069
48.0000000014,-0.655878390186
49.0000000014,-0.896056623198
50.0000000014,-1.01652711071
51.0000000015,-1.07634460647
52.0000000015,-1.03098416515
53.0000000015,-1.01237129979
54.0000000015,-0.886020689271
55.0000000016,-0.656990294345
56.0000000016,-0.518011090113
57.0000000016,-0.407158833928
58.0000000017,-0.290769259926
59.0000000017,-0.189791655141
60.0000000017,-0.0350647691666
61.0000000017,0.21691942223
62.0000000018,0.38452870911
63.0000000018,0.623662814498
64.0000000018,0.970593270846
65.0000000019,1.38670887984
66.0000000018,1.7826175373
67.0000000019,1.88063287362
68.0000000019,1.93497654609
69.0000000019,1.7320511248
70.000000002,1.26679043751
71.000000002,0.959854957648
72.000000002,0.669815981295
73.0000000021,0.19150745892
74.0000000021,-0.194714326994
75.0000000021,-0.864551573759
76.0000000021,-1.5418227762
77.0000000021,-1.99310153909
78.0000000022,-2.57087200694
79.0000000022,-2.86728636548
80.0000000022,-3.14161325246
81.0000000023,-3.14288245887
82.0000000023,-2.92373195291
83.0000000023,-2.45872477442
84.0000000023,-1.74139122479
