# Major, minor, position_angle:	6.65728962211	6.04982835616	89.8118346119
Velocity,Frequency,Flux Density
-5.0,3.44316354483e+11,0.162164276541
-3.99999999996,3.44315205986e+11,1.28432535716
-2.99999999992,3.4431405749e+11,1.30752633829
-1.99999999988,3.44312908993e+11,1.13900152152
-0.999999999841,3.44311760497e+11,1.19180045798
1.99701893688e-10,3.44310612e+11,0.637582063246
1.00000000024,3.44309463503e+11,0.564300768761
2.00000000028,3.44308315007e+11,0.565816947285
3.00000000032,3.4430716651e+11,0.0844337155174
4.00000000036,3.44306018014e+11,0.657521731914
5.0000000004,3.44304869517e+11,0.49363631555
6.00000000048,3.44303721021e+11,0.718953959884
7.00000000049,3.44302572524e+11,0.590509087347
8.00000000053,3.44301424027e+11,0.885323035364
9.0000000006,3.44300275531e+11,0.992415623191
10.0000000006,3.44299127034e+11,0.917062058073
11.0000000007,3.44297978538e+11,1.50778428495
12.0000000007,3.44296830041e+11,1.14884649159
13.0000000008,3.44295681544e+11,0.84405343807
14.0000000008,3.44294533048e+11,0.423316574157
15.0000000008,3.44293384551e+11,1.14358686519
16.0000000009,3.44292236055e+11,1.47923199774
17.0000000009,3.44291087558e+11,1.08997139236
18.000000001,3.44289939062e+11,0.504095182604
19.000000001,3.44288790565e+11,0.557140111697
20.0000000011,3.44287642068e+11,0.755228271166
21.0000000011,3.44286493572e+11,1.33497558439
22.0000000011,3.44285345075e+11,1.27761712486
23.0000000012,3.44284196579e+11,1.68759281345
24.0000000012,3.44283048082e+11,1.96828196802
25.0000000013,3.44281899586e+11,2.00571043687
26.0000000013,3.44280751089e+11,2.08430371629
27.0000000013,3.44279602592e+11,2.34060405608
28.0000000014,3.44278454096e+11,3.31781047117
29.0000000014,3.44277305599e+11,4.2306009099
30.0000000015,3.44276157103e+11,5.69596140117
31.0000000015,3.44275008606e+11,8.34994478128
32.0000000015,3.4427386011e+11,13.0632661427
33.0000000015,3.44272711613e+11,18.0468435624
34.0000000016,3.44271563116e+11,21.8114357794
35.0000000017,3.4427041462e+11,15.9679978758
36.0000000017,3.44269266123e+11,20.6656877292
37.0000000017,3.44268117627e+11,35.170965294
38.0000000018,3.4426696913e+11,36.239519437
39.0000000018,3.44265820633e+11,37.9926132594
40.0000000019,3.44264672137e+11,42.046710466
41.0000000019,3.4426352364e+11,45.819904752
42.000000002,3.44262375144e+11,47.2639337192
43.000000002,3.44261226647e+11,45.513857389
44.000000002,3.44260078151e+11,39.4492187472
45.0000000021,3.44258929654e+11,33.901016343
46.0000000021,3.44257781157e+11,27.7494781213
47.0000000022,3.44256632661e+11,19.3592417939
48.0000000022,3.44255484164e+11,12.751233145
49.0000000022,3.44254335668e+11,8.34439474206
50.0000000023,3.44253187171e+11,4.44036552642
51.0000000023,3.44252038675e+11,3.12214623284
52.0000000023,3.44250890178e+11,1.68079139632
53.0000000024,3.44249741681e+11,2.05942094958
54.0000000024,3.44248593185e+11,1.32572501338
55.0000000024,3.44247444688e+11,1.31283933913
56.0000000026,3.44246296192e+11,1.28230504544
57.0000000026,3.44245147695e+11,0.998004186201
58.0000000026,3.44243999198e+11,0.793539793969
59.0000000027,3.44242850702e+11,0.714795911853
60.0000000027,3.44241702205e+11,1.14595922719
61.0000000028,3.44240553709e+11,1.42906529608
62.0000000028,3.44239405212e+11,1.77745537568
63.0000000028,3.44238256716e+11,1.65871638538
64.0000000029,3.44237108219e+11,0.776521770524
65.0000000029,3.44235959722e+11,0.959643470125
66.000000003,3.44234811226e+11,1.41825556404
67.000000003,3.44233662729e+11,1.27958987093
68.000000003,3.44232514233e+11,1.35601621883
69.0000000031,3.44231365736e+11,1.96090369174
70.0000000031,3.4423021724e+11,2.07505384443
71.0000000032,3.44229068743e+11,2.07023521221
72.0000000032,3.44227920246e+11,2.70276331541
73.0000000033,3.4422677175e+11,2.91059860014
74.0000000033,3.44225623253e+11,1.58962065082
75.0000000033,3.44224474757e+11,1.90342216204
76.0000000034,3.4422332626e+11,1.87919085312
77.0000000034,3.44222177764e+11,1.62624146865
78.0000000035,3.44221029267e+11,0.891186219746
79.0000000035,3.4421988077e+11,0.324554517129
80.0000000035,3.44218732274e+11,-0.00266809029927
81.0000000036,3.44217583777e+11,0.400533962825
82.0000000036,3.44216435281e+11,0.829775656178
83.0000000036,3.44215286784e+11,1.06740082199
84.0000000037,3.44214138287e+11,0.630544485997
