-5.0,1.76688091418
-3.99999999996,1.32977890742
-2.99999999992,1.49194076178
-1.99999999988,0.531583834975
-0.999999999908,-0.0238042867483
1.99701893688e-10,0.557479497539
1.00000000021,0.962159500222
2.00000000025,0.462062256189
3.00000000026,0.450453597806
4.0000000003,1.13767068127
5.00000000034,1.13307148748
6.00000000035,1.00719376327
7.00000000042,0.40604393343
8.00000000046,0.885456117439
9.00000000053,0.743951965783
10.0000000005,0.702107832331
11.0000000006,0.408892077663
12.0000000006,0.630363592247
13.0000000006,-0.18307732945
14.0000000007,0.696731664859
15.0000000007,1.68928527297
16.0000000008,1.39909992216
17.0000000008,0.848254212182
18.0000000008,1.33932930612
19.0000000009,1.88701825172
20.0000000009,1.05796439124
21.0000000009,1.31652367507
22.000000001,1.92126296203
23.000000001,0.888691463901
24.000000001,1.0342547006
25.0000000011,0.975346132229
26.0000000011,0.64946047587
27.0000000011,0.345488239533
28.0000000012,0.308965342684
29.0000000012,0.81325065088
30.0000000013,1.30493161561
31.0000000013,2.07674206036
32.0000000013,2.47644074827
33.0000000013,3.05066735043
34.0000000014,2.99670849737
35.0000000015,0.386854135222
36.0000000015,7.15449329422
37.0000000015,22.2830974301
38.0000000016,29.8601249115
39.0000000016,30.1685466069
40.0000000016,30.3814519512
41.0000000017,30.7926293173
42.0000000017,34.4134529993
43.0000000018,35.3244759722
44.0000000018,28.2162075516
45.0000000019,24.5007886585
46.0000000019,22.1577932515
47.0000000019,16.9485174533
48.0000000019,10.6343679581
49.000000002,7.01605948501
50.000000002,5.03811755364
51.0000000021,2.98522400546
52.0000000021,2.40420927027
53.0000000021,2.02185261141
54.0000000021,1.18442797832
55.0000000022,1.72075274433
56.0000000022,1.89892956689
57.0000000023,1.6912555784
58.0000000023,1.91460376555
59.0000000023,1.95738872339
60.0000000024,2.64031865776
61.0000000024,2.95497631477
62.0000000025,2.93997158771
63.0000000025,2.87805081563
64.0000000026,2.95971736152
65.0000000025,2.33928429623
66.0000000026,1.93607350751
67.0000000026,1.2452785675
68.0000000027,2.00764211354
69.0000000027,1.59194011992
70.0000000028,1.05646727997
71.0000000028,1.00490530323
72.0000000028,1.3908241111
73.0000000029,1.34618556154
74.0000000029,0.774286920092
75.0000000029,0.531150136165
76.000000003,0.76207488577
77.000000003,1.502595683
78.0000000031,0.445222713415
79.0000000031,0.894647232724
80.0000000031,1.10176310541
81.0000000032,0.909567933194
82.0000000032,0.958324986063
83.0000000032,1.48263629523
84.0000000033,2.67846166726
