# Major, minor, position_angle:	0.0332864481106	0.0302491417808	89.8118346119
Velocity,Frequency,Flux Density
-5.0,3.44316354483e+11,0.191928417757
-3.99999999996,3.44315205986e+11,0.297557841564
-2.99999999992,3.4431405749e+11,0.312554506352
-1.99999999988,3.44312908993e+11,0.250928270107
-0.999999999841,3.44311760497e+11,0.213831404108
1.99701893688e-10,3.44310612e+11,0.181969008347
1.00000000024,3.44309463503e+11,0.201189966454
2.00000000028,3.44308315007e+11,0.271136495634
3.00000000032,3.4430716651e+11,0.289205849869
4.00000000036,3.44306018014e+11,0.201490203821
5.0000000004,3.44304869517e+11,0.188348756928
6.00000000048,3.44303721021e+11,0.30314876209
7.00000000049,3.44302572524e+11,0.307110812515
8.00000000053,3.44301424027e+11,0.238822370069
9.0000000006,3.44300275531e+11,0.2438803353
10.0000000006,3.44299127034e+11,0.25550464273
11.0000000007,3.44297978538e+11,0.201545688328
12.0000000007,3.44296830041e+11,0.247369234101
13.0000000008,3.44295681544e+11,0.230799023411
14.0000000008,3.44294533048e+11,0.160643515467
15.0000000008,3.44293384551e+11,0.152577450266
16.0000000009,3.44292236055e+11,0.228406315015
17.0000000009,3.44291087558e+11,0.246755036991
18.000000001,3.44289939062e+11,0.201609376309
19.000000001,3.44288790565e+11,0.247135539412
20.0000000011,3.44287642068e+11,0.238903656835
21.0000000011,3.44286493572e+11,0.250939848134
22.0000000011,3.44285345075e+11,0.271988775814
23.0000000012,3.44284196579e+11,0.118579942269
24.0000000012,3.44283048082e+11,0.199647881265
25.0000000013,3.44281899586e+11,0.241741710604
26.0000000013,3.44280751089e+11,0.250757262402
27.0000000013,3.44279602592e+11,0.282916324039
28.0000000014,3.44278454096e+11,0.292732261005
29.0000000014,3.44277305599e+11,0.397731312318
30.0000000015,3.44276157103e+11,0.564885763451
31.0000000015,3.44275008606e+11,0.649551775772
32.0000000015,3.4427386011e+11,1.11769485101
33.0000000015,3.44272711613e+11,1.05191937555
34.0000000016,3.44271563116e+11,0.717916370137
35.0000000017,3.4427041462e+11,-1.90022643097
36.0000000017,3.44269266123e+11,-2.42195891496
37.0000000017,3.44268117627e+11,-1.35272293608
38.0000000018,3.4426696913e+11,-2.55878370628
39.0000000018,3.44265820633e+11,-2.97790300101
40.0000000019,3.44264672137e+11,-2.60534374788
41.0000000019,3.4426352364e+11,-2.35142618977
42.000000002,3.44262375144e+11,-1.83924229676
43.000000002,3.44261226647e+11,-1.41418124456
44.000000002,3.44260078151e+11,-1.29689043836
45.0000000021,3.44258929654e+11,-0.76999488147
46.0000000021,3.44257781157e+11,-0.771954829805
47.0000000022,3.44256632661e+11,-0.950415907893
48.0000000022,3.44255484164e+11,-0.95809729211
49.0000000022,3.44254335668e+11,-0.456460243324
50.0000000023,3.44253187171e+11,-0.485083645308
51.0000000023,3.44252038675e+11,-0.245536682545
52.0000000023,3.44250890178e+11,-0.148070704105
53.0000000024,3.44249741681e+11,-0.00037456998507
54.0000000024,3.44248593185e+11,0.149624899816
55.0000000024,3.44247444688e+11,0.247052396822
56.0000000026,3.44246296192e+11,0.250368460722
57.0000000026,3.44245147695e+11,0.230289571802
58.0000000026,3.44243999198e+11,0.183190605007
59.0000000027,3.44242850702e+11,0.0991547371978
60.0000000027,3.44241702205e+11,0.16702813789
61.0000000028,3.44240553709e+11,0.122291185908
62.0000000028,3.44239405212e+11,0.167458810145
63.0000000028,3.44238256716e+11,0.315502716345
64.0000000029,3.44237108219e+11,0.282930783578
65.0000000029,3.44235959722e+11,0.260197270836
66.000000003,3.44234811226e+11,0.256122094497
67.000000003,3.44233662729e+11,0.151801954386
68.000000003,3.44232514233e+11,0.239615815728
69.0000000031,3.44231365736e+11,0.269490878622
70.0000000031,3.4423021724e+11,0.322172944203
71.0000000032,3.44229068743e+11,0.422454653615
72.0000000032,3.44227920246e+11,0.408537920797
73.0000000033,3.4422677175e+11,0.324306222145
74.0000000033,3.44225623253e+11,0.293321100413
75.0000000033,3.44224474757e+11,0.271737939707
76.0000000034,3.4422332626e+11,0.23379383143
77.0000000034,3.44222177764e+11,0.224119444261
78.0000000035,3.44221029267e+11,0.230993165678
79.0000000035,3.4421988077e+11,0.175280724099
80.0000000035,3.44218732274e+11,0.164164835791
81.0000000036,3.44217583777e+11,0.157129587767
82.0000000036,3.44216435281e+11,0.116934645175
83.0000000036,3.44215286784e+11,0.169548898699
84.0000000037,3.44214138287e+11,0.189093130823
