# Major, minor, position_angle:	6.81809530773	6.10034817025	-84.3650467605
Velocity,Frequency,Flux Density
-25.0,3.42532944791e+11,-0.310145606025
-24.0,3.4253180232e+11,-0.0587191050893
-23.0000000001,3.42530659848e+11,-0.241367995079
-22.0000000001,3.42529517376e+11,-0.198843781996
-21.0000000001,3.42528374905e+11,0.247075266596
-20.0000000002,3.42527232433e+11,0.490203373864
-19.0000000002,3.42526089961e+11,0.369052530104
-18.0000000003,3.4252494749e+11,0.360645812865
-17.0000000003,3.42523805018e+11,0.401899358461
-16.0000000004,3.42522662546e+11,0.239478629262
-15.0000000004,3.42521520075e+11,0.138641186548
-14.0000000004,3.42520377603e+11,0.087375241658
-13.0000000005,3.42519235131e+11,0.422613857864
-12.0000000006,3.4251809266e+11,0.993527734831
-11.0000000006,3.42516950188e+11,0.0223041727909
-10.0000000006,3.42515807716e+11,0.153649375667
-9.0000000007,3.42514665245e+11,-0.0571118709079
-8.00000000073,3.42513522773e+11,0.236477600427
-7.00000000075,3.42512380302e+11,-0.138021818867
-6.00000000078,3.4251123783e+11,-0.346070929617
-5.00000000087,3.42510095358e+11,-0.50541653128
-4.0000000009,3.42508952887e+11,0.151798857918
-3.00000000092,3.42507810415e+11,0.0454699656219
-2.00000000101,3.42506667943e+11,0.313157357099
-1.00000000104,3.42505525472e+11,-0.322832045421
-1.06507676634e-09,3.42504383e+11,-0.787297125346
0.999999998876,3.42503240528e+11,-1.01053456088
1.99999999885,3.42502098057e+11,-0.677056507179
2.99999999879,3.42500955585e+11,-0.424589350977
3.99999999877,3.42499813113e+11,-0.631906900307
4.99999999874,3.42498670642e+11,-0.605045789089
5.99999999868,3.4249752817e+11,-0.546121182823
6.99999999862,3.42496385698e+11,-0.171186352379
7.9999999986,3.42495243227e+11,0.670083862869
8.99999999854,3.42494100755e+11,0.0920540737322
9.99999999851,3.42492958284e+11,-0.0109744110328
10.9999999985,3.42491815812e+11,0.335316087227
11.9999999984,3.4249067334e+11,-0.0929149213113
12.9999999984,3.42489530869e+11,0.191461463946
13.9999999983,3.42488388397e+11,0.124237928913
14.9999999983,3.42487245925e+11,-0.336037789656
15.9999999982,3.42486103454e+11,-0.408143441526
16.9999999982,3.42484960982e+11,-0.631473629956
17.9999999981,3.4248381851e+11,-0.593131271495
18.9999999981,3.42482676039e+11,-0.631252215748
19.9999999981,3.42481533567e+11,-1.00365698481
20.999999998,3.42480391095e+11,-0.721738796432
21.999999998,3.42479248624e+11,-0.610912909263
22.9999999979,3.42478106152e+11,-0.300913385496
23.9999999979,3.4247696368e+11,-0.778053622563
24.9999999978,3.42475821209e+11,0.000941973352724
25.9999999978,3.42474678737e+11,0.310633111399
26.9999999977,3.42473536266e+11,0.566320537935
27.9999999977,3.42472393794e+11,1.859994625
28.9999999977,3.42471251322e+11,3.81049288717
29.9999999976,3.42470108851e+11,6.35362605057
30.9999999976,3.42468966379e+11,9.24315377769
31.9999999975,3.42467823907e+11,11.9566149156
32.9999999975,3.42466681436e+11,15.6325448434
33.9999999975,3.42465538964e+11,18.7377637077
34.9999999974,3.42464396492e+11,20.9308266667
35.9999999974,3.42463254021e+11,23.759710044
36.9999999973,3.42462111549e+11,26.5735824075
37.9999999973,3.42460969077e+11,30.2811236856
38.9999999972,3.42459826606e+11,33.2684599046
39.9999999972,3.42458684134e+11,35.3444438983
40.9999999971,3.42457541663e+11,36.1361887121
41.9999999971,3.42456399191e+11,32.9460709933
42.9999999971,3.42455256719e+11,28.4214500198
43.999999997,3.42454114248e+11,23.4552982782
44.999999997,3.42452971776e+11,19.2224814506
45.9999999969,3.42451829304e+11,15.8882404409
46.9999999969,3.42450686833e+11,14.0742382113
47.9999999968,3.42449544361e+11,11.3452846938
48.9999999968,3.42448401889e+11,7.94640149576
49.9999999968,3.42447259418e+11,3.76887703015
50.9999999967,3.42446116946e+11,-0.268419273792
51.9999999967,3.42444974474e+11,-2.1260364825
52.9999999966,3.42443832003e+11,-2.83694546087
53.9999999966,3.42442689531e+11,-2.83322434581
54.9999999965,3.42441547059e+11,-3.59568014587
55.9999999965,3.42440404588e+11,-3.77356267486
56.9999999964,3.42439262116e+11,-2.45187856345
57.9999999964,3.42438119645e+11,-1.74053461643
58.9999999963,3.42436977173e+11,-1.25443998154
59.9999999963,3.42435834701e+11,-1.30237853666
60.9999999962,3.4243469223e+11,-1.00543297757
61.9999999962,3.42433549758e+11,0.0348349808235
62.9999999962,3.42432407286e+11,-0.179483115206
63.9999999961,3.42431264815e+11,-0.286156844144
64.9999999961,3.42430122343e+11,-0.136388862666
65.999999996,3.42428979871e+11,-0.0159126604721
66.999999996,3.424278374e+11,0.288682903484
67.999999996,3.42426694928e+11,0.000274618011389
68.9999999959,3.42425552456e+11,0.102318988995
69.9999999959,3.42424409985e+11,0.37955070327
70.9999999958,3.42423267513e+11,0.20020278605
71.9999999958,3.42422125041e+11,0.411500257106
72.9999999958,3.4242098257e+11,0.0659294657286
73.9999999957,3.42419840098e+11,-0.259716925673
74.9999999957,3.42418697627e+11,0.155915345098
75.9999999956,3.42417555155e+11,0.226212743929
76.9999999956,3.42416412683e+11,0.121250355609
77.9999999955,3.42415270212e+11,0.0606858879437
78.9999999954,3.4241412774e+11,-0.0437509707485
79.9999999954,3.42412985268e+11,-0.168091115781
80.9999999954,3.42411842797e+11,-0.237410094732
81.9999999954,3.42410700325e+11,-0.220575016521
82.9999999953,3.42409557853e+11,0.328036359412
83.9999999952,3.42408415382e+11,-0.0459313228612
84.9999999952,3.4240727291e+11,-0.139719981412
85.9999999952,3.42406130438e+11,0.118974691432
86.9999999951,3.42404987967e+11,0.171225158379
87.9999999951,3.42403845495e+11,0.506197953869
88.9999999951,3.42402703023e+11,0.621264090966
89.999999995,3.42401560552e+11,0.408758506009
90.999999995,3.4240041808e+11,0.412393355816
91.9999999949,3.42399275609e+11,0.590072272194
92.9999999949,3.42398133137e+11,0.673745235562
93.9999999949,3.42396990665e+11,1.72754392755
