# Major, minor, position_angle:	6.64673438331	6.06562455064	89.4709237127
Velocity,Frequency,Flux Density
-5.0,3.44922282589e+11,12.2989595903
-4.00000000003,3.44921132071e+11,10.5676845985
-2.99999999999,3.44919981553e+11,8.58829791424
-1.99999999995,3.44918831035e+11,5.70539627946
-0.999999999908,3.44917680518e+11,3.64196116347
1.33134595792e-10,3.4491653e+11,3.28664655605
1.00000000014,3.44915379482e+11,2.55435938372
2.00000000015,3.44914228965e+11,1.27086699688
3.00000000019,3.44913078447e+11,0.789520324648
4.00000000023,3.44911927929e+11,0.698506393581
5.00000000027,3.44910777411e+11,0.210270613205
6.00000000028,3.44909626894e+11,0.66372153475
7.00000000029,3.44908476376e+11,0.688825166521
8.00000000033,3.44907325858e+11,0.7358930737
9.00000000033,3.44906175341e+11,0.299406338587
10.0000000004,3.44905024823e+11,0.640081930327
11.0000000004,3.44903874305e+11,1.06652182879
12.0000000004,3.44902723788e+11,0.952333319279
13.0000000005,3.4490157327e+11,0.697828658293
14.0000000005,3.44900422752e+11,0.13069424342
15.0000000005,3.44899272234e+11,0.603710233427
16.0000000006,3.44898121717e+11,0.611956175718
17.0000000006,3.44896971199e+11,0.619845224335
18.0000000006,3.44895820681e+11,1.02694793692
19.0000000006,3.44894670164e+11,1.33819194891
20.0000000007,3.44893519646e+11,0.134352415046
21.0000000007,3.44892369128e+11,0.984754915341
22.0000000007,3.44891218611e+11,0.329526409311
23.0000000007,3.44890068093e+11,0.541491958255
24.0000000007,3.44888917575e+11,1.57863218151
25.0000000008,3.44887767057e+11,2.45664157422
26.0000000008,3.4488661654e+11,4.68368376402
27.0000000008,3.44885466022e+11,6.21732348932
28.0000000009,3.44884315504e+11,9.33301889458
29.0000000009,3.44883164987e+11,12.3783507429
30.0000000009,3.44882014469e+11,15.9633865933
31.0000000009,3.44880863951e+11,20.7219416429
32.000000001,3.44879713434e+11,24.3192480998
33.000000001,3.44878562916e+11,26.864390451
34.000000001,3.44877412398e+11,26.2441972781
35.0000000011,3.4487626188e+11,26.5036420577
36.0000000011,3.44875111363e+11,31.438840197
37.0000000011,3.44873960845e+11,41.6369685958
38.0000000012,3.44872810327e+11,53.387914883
39.0000000012,3.4487165981e+11,67.5379601493
40.0000000012,3.44870509292e+11,82.8821380679
41.0000000012,3.44869358774e+11,89.5799721805
42.0000000012,3.44868208256e+11,85.7784111276
43.0000000013,3.44867057739e+11,78.1847807401
44.0000000013,3.44865907221e+11,68.8941151816
45.0000000013,3.44864756703e+11,56.7977254659
46.0000000013,3.44863606186e+11,43.1857032722
47.0000000014,3.44862455668e+11,30.5550932419
48.0000000014,3.4486130515e+11,22.0728187244
49.0000000014,3.44860154633e+11,16.9440922549
50.0000000015,3.44859004115e+11,11.3606088739
51.0000000015,3.44857853597e+11,6.60397412892
52.0000000015,3.44856703079e+11,2.73114210683
53.0000000015,3.44855552562e+11,0.653012207034
54.0000000015,3.44854402044e+11,-1.24511988215
55.0000000016,3.44853251526e+11,-1.80069936552
56.0000000016,3.44852101009e+11,-1.92562266867
57.0000000017,3.44850950491e+11,-1.98708204403
58.0000000017,3.44849799973e+11,-1.65882153957
59.0000000017,3.44848649456e+11,-1.30408357258
60.0000000017,3.44847498938e+11,0.0986464070334
61.0000000018,3.4484634842e+11,0.337481088727
62.0000000018,3.44845197902e+11,0.41166171181
63.0000000018,3.44844047385e+11,0.69150297678
64.0000000018,3.44842896867e+11,1.30481994935
65.0000000019,3.44841746349e+11,0.973198360941
66.0000000019,3.44840595832e+11,0.786862796498
67.000000002,3.44839445314e+11,0.666228632776
68.0000000019,3.44838294796e+11,0.669959022733
69.000000002,3.44837144279e+11,0.830635334241
70.000000002,3.44835993761e+11,0.900021161494
71.000000002,3.44834843243e+11,1.01897117111
72.0000000021,3.44833692725e+11,1.1606291161
73.0000000021,3.44832542208e+11,0.711488510251
74.0000000021,3.4483139169e+11,0.860902612148
75.0000000021,3.44830241172e+11,0.909135463152
76.0000000022,3.44829090655e+11,0.968531768047
77.0000000022,3.44827940137e+11,0.684403134132
78.0000000023,3.44826789619e+11,0.718376536812
79.0000000022,3.44825639102e+11,1.34149931239
80.0000000023,3.44824488584e+11,1.58990319802
81.0000000023,3.44823338066e+11,1.01755632818
82.0000000024,3.44822187548e+11,-0.0965378717432
83.0000000024,3.44821037031e+11,1.33809908006
84.0000000024,3.44819886513e+11,1.0929184842
