# Major, minor, position_angle:	7.00997971949	6.29371316397	88.5085439628
Velocity,Frequency,Flux Density
-25.0,3.31185731914e+11,0.232500452825
-24.0,3.3118462729e+11,0.49797055546
-22.9999999999,3.31183522665e+11,0.905079202363
-21.9999999999,3.31182418041e+11,-0.353955758989
-20.9999999999,3.31181313416e+11,-0.216512013115
-19.9999999999,3.31180208791e+11,-0.91776189973
-18.9999999998,3.31179104167e+11,-0.703278060112
-17.9999999998,3.31177999542e+11,-0.0968101489452
-16.9999999998,3.31176894918e+11,-0.12904816013
-15.9999999998,3.31175790293e+11,-0.081018362288
-14.9999999997,3.31174685669e+11,0.0828855110257
-13.9999999997,3.31173581044e+11,-0.202101774738
-12.9999999997,3.31172476419e+11,-0.390404367776
-11.9999999996,3.31171371795e+11,-0.0397956289461
-10.9999999997,3.3117026717e+11,0.121140746614
-9.99999999961,3.31169162546e+11,0.698750603481
-8.99999999957,3.31168057921e+11,1.15819526247
-7.99999999953,3.31166953297e+11,0.727741097732
-6.99999999955,3.31165848672e+11,1.16034131871
-5.99999999951,3.31164744047e+11,2.10065004541
-4.99999999947,3.31163639423e+11,1.27745187308
-3.99999999943,3.31162534798e+11,0.0439937089571
-2.99999999939,3.31161430174e+11,0.247977300151
-1.99999999942,3.31160325549e+11,0.00732784821116
-0.999999999375,3.31159220925e+11,-0.0667961801795
6.65672978961e-10,3.311581163e+11,0.23417550582
1.00000000067,3.31157011675e+11,0.366079379659
2.00000000071,3.31155907051e+11,-0.144156948045
3.00000000076,3.31154802426e+11,0.226890091887
4.00000000076,3.31153697802e+11,0.112940027239
5.0000000008,3.31152593177e+11,0.338194368683
6.00000000081,3.31151488553e+11,-0.138984920083
7.00000000082,3.31150383928e+11,0.063152776896
8.00000000086,3.31149279303e+11,-0.0135469373564
9.00000000093,3.31148174679e+11,-0.122915842946
10.0000000009,3.31147070054e+11,0.206688081288
11.0000000009,3.3114596543e+11,0.606939471595
12.000000001,3.31144860805e+11,0.240905069129
13.000000001,3.31143756181e+11,-0.250466105013
14.0000000011,3.31142651556e+11,-0.117573801987
15.0000000011,3.31141546931e+11,0.734314273082
16.0000000011,3.31140442307e+11,-0.552152863755
17.0000000011,3.31139337682e+11,-0.162141207221
18.0000000011,3.31138233058e+11,-0.165010234568
19.0000000012,3.31137128433e+11,-0.190397839779
20.0000000012,3.31136023809e+11,-0.187706694136
21.0000000012,3.31134919184e+11,-0.159257796734
22.0000000013,3.31133814559e+11,-0.144152035159
23.0000000013,3.31132709935e+11,0.367107590984
24.0000000013,3.3113160531e+11,0.332411539353
25.0000000013,3.31130500686e+11,-0.577522013885
26.0000000014,3.31129396061e+11,-0.773431142375
27.0000000013,3.31128291436e+11,-0.565267241122
28.0000000014,3.31127186812e+11,-0.915216448695
29.0000000014,3.31126082187e+11,-0.559318384107
30.0000000015,3.31124977563e+11,0.331963953645
31.0000000015,3.31123872938e+11,1.15340811988
32.0000000015,3.31122768314e+11,1.37855648814
33.0000000015,3.31121663689e+11,2.54199548189
34.0000000016,3.31120559064e+11,4.09144417508
35.0000000016,3.3111945444e+11,5.64671082146
36.0000000016,3.31118349815e+11,8.64088050175
37.0000000016,3.31117245191e+11,11.4646250439
38.0000000017,3.31116140566e+11,12.5325267154
39.0000000017,3.31115035942e+11,13.303108052
40.0000000017,3.31113931317e+11,11.098461692
41.0000000018,3.31112826692e+11,7.65527764911
42.0000000018,3.31111722068e+11,5.33506432693
43.0000000018,3.31110617443e+11,5.20399910015
44.0000000018,3.31109512819e+11,4.54006921229
45.0000000019,3.31108408194e+11,3.04494435165
46.0000000019,3.3110730357e+11,1.9689026502
47.0000000019,3.31106198945e+11,0.207778850394
48.0000000019,3.3110509432e+11,-0.0596403269227
49.000000002,3.31103989696e+11,-0.746530517249
50.000000002,3.31102885071e+11,-1.12794241848
51.000000002,3.31101780447e+11,-1.3248371889
52.0000000021,3.31100675822e+11,-1.55831558309
53.000000002,3.31099571198e+11,-1.64074105878
54.0000000021,3.31098466573e+11,-1.62103180924
55.0000000021,3.31097361948e+11,-1.90599877263
56.0000000022,3.31096257324e+11,-1.29921498859
57.0000000022,3.31095152699e+11,-0.912541186986
58.0000000022,3.31094048075e+11,-0.432665654542
59.0000000022,3.3109294345e+11,0.563593857543
60.0000000023,3.31091838826e+11,1.15272273213
61.0000000023,3.31090734201e+11,2.23827764361
62.0000000023,3.31089629576e+11,3.36669689207
63.0000000024,3.31088524952e+11,6.37130668408
64.0000000024,3.31087420327e+11,8.50372050462
65.0000000024,3.31086315703e+11,11.8842698624
66.0000000024,3.31085211078e+11,15.7014890888
67.0000000024,3.31084106454e+11,20.2180379665
68.0000000025,3.31083001829e+11,23.6585359113
69.0000000025,3.31081897204e+11,24.6105917151
70.0000000025,3.3108079258e+11,24.3519790439
71.0000000026,3.31079687955e+11,23.2964274927
72.0000000026,3.31078583331e+11,21.3690826037
73.0000000026,3.31077478706e+11,18.2749995562
74.0000000027,3.31076374081e+11,14.0551955242
75.0000000027,3.31075269457e+11,8.54365483426
76.0000000027,3.31074164832e+11,5.42383101884
77.0000000027,3.31073060208e+11,3.11946338966
78.0000000028,3.31071955583e+11,-0.142705211906
79.0000000028,3.31070850959e+11,-3.38704978741
80.0000000028,3.31069746334e+11,-5.07835015539
81.0000000028,3.31068641709e+11,-5.60948613227
82.0000000029,3.31067537085e+11,-5.75783974689
83.0000000029,3.3106643246e+11,-4.65080053943
84.0000000029,3.31065327836e+11,-3.74015332179
85.0000000029,3.31064223211e+11,-2.35316049643
86.0000000029,3.31063118587e+11,-1.7770604399
87.000000003,3.31062013962e+11,-1.80075961483
88.000000003,3.31060909337e+11,-0.915678478516
89.000000003,3.31059804713e+11,-1.07431564161
90.0000000031,3.31058700088e+11,-0.91375834259
91.0000000031,3.31057595464e+11,-0.533363329379
92.0000000031,3.31056490839e+11,-0.0507884294861
93.0000000031,3.31055386215e+11,-0.658176326437
94.0000000032,3.3105428159e+11,-0.0955624797325
