# Major, minor, position_angle:	6.81802604964	6.09975358987	-1.47265524864
Velocity,Frequency,Flux Density
-5.0,3.42510095358e+11,0.653113188145
-4.00000000003,3.42508952887e+11,1.30863989163
-3.00000000006,3.42507810415e+11,1.20062231648
-2.00000000015,3.42506667943e+11,1.46662102943
-1.00000000017,3.42505525472e+11,0.8289429485
-1.99701893688e-10,3.42504383e+11,0.362789186247
0.999999999741,3.42503240528e+11,0.137863068245
1.99999999972,3.42502098057e+11,0.469652441856
2.99999999966,3.42500955585e+11,0.720430916255
3.9999999996,3.42499813113e+11,0.511424686523
4.99999999961,3.42498670642e+11,0.536597119611
5.99999999948,3.4249752817e+11,0.593833045656
6.99999999949,3.42496385698e+11,0.967079194577
7.9999999994,3.42495243227e+11,1.80666070848
8.9999999994,3.42494100755e+11,1.22694225943
9.99999999931,3.42492958284e+11,1.12222509434
10.9999999993,3.42491815812e+11,1.46682690759
11.9999999993,3.4249067334e+11,1.03690722036
12.9999999992,3.42489530869e+11,1.31959492503
13.9999999992,3.42488388397e+11,1.25068270965
14.9999999991,3.42487245925e+11,0.788718315157
15.9999999991,3.42486103454e+11,0.714923977232
16.999999999,3.42484960982e+11,0.48990510661
17.999999999,3.4248381851e+11,0.526558788158
18.9999999989,3.42482676039e+11,0.486749161483
19.9999999989,3.42481533567e+11,0.112655709516
20.9999999988,3.42480391095e+11,0.392885219111
21.9999999988,3.42479248624e+11,0.502022429456
22.9999999988,3.42478106152e+11,0.810333266715
23.9999999988,3.4247696368e+11,0.33150435298
24.9999999987,3.42475821209e+11,1.10881126988
25.9999999987,3.42474678737e+11,1.49942000214
26.9999999986,3.42473536266e+11,1.98851682864
27.9999999986,3.42472393794e+11,3.35568114069
28.9999999985,3.42471251322e+11,5.66968079431
29.9999999985,3.42470108851e+11,8.48687137873
30.9999999984,3.42468966379e+11,12.0553477042
31.9999999984,3.42467823907e+11,15.233407543
32.9999999984,3.42466681436e+11,19.316331796
33.9999999983,3.42465538964e+11,23.0824155151
34.9999999983,3.42464396492e+11,25.9256362514
35.9999999982,3.42463254021e+11,29.6788730019
36.9999999982,3.42462111549e+11,33.6951156522
37.9999999982,3.42460969077e+11,39.0229790203
38.9999999981,3.42459826606e+11,43.6977903973
39.999999998,3.42458684134e+11,46.6977533115
40.999999998,3.42457541663e+11,47.980098633
41.999999998,3.42456399191e+11,44.5452990168
42.9999999979,3.42455256719e+11,38.7818035431
43.9999999979,3.42454114248e+11,32.2269470878
44.9999999978,3.42452971776e+11,26.5258819272
45.9999999978,3.42451829304e+11,21.9411224238
46.9999999977,3.42450686833e+11,19.0845903887
47.9999999977,3.42449544361e+11,15.41842672
48.9999999976,3.42448401889e+11,11.0864103776
49.9999999976,3.42447259418e+11,6.40781677077
50.9999999976,3.42446116946e+11,1.48848755815
51.9999999975,3.42444974474e+11,-0.633059685628
52.9999999974,3.42443832003e+11,-1.98512919628
53.9999999974,3.42442689531e+11,-2.09261317964
54.9999999974,3.42441547059e+11,-2.79343108837
55.9999999974,3.42440404588e+11,-3.00942507047
56.9999999973,3.42439262116e+11,-1.6788003271
57.9999999972,3.42438119645e+11,-0.851570172267
58.9999999972,3.42436977173e+11,-0.339743774223
59.9999999972,3.42435834701e+11,-0.253613069411
60.9999999971,3.4243469223e+11,0.0416438079623
61.9999999971,3.42433549758e+11,1.08022308481
62.9999999971,3.42432407286e+11,0.864216306409
63.999999997,3.42431264815e+11,0.755853899993
64.9999999969,3.42430122343e+11,0.903933202615
65.9999999969,3.42428979871e+11,1.0227207202
66.9999999969,3.424278374e+11,1.32562760136
67.9999999968,3.42426694928e+11,1.0355306378
68.9999999968,3.42425552456e+11,1.13588633066
69.9999999967,3.42424409985e+11,1.41142936288
70.9999999967,3.42423267513e+11,1.23039276613
71.9999999967,3.42422125041e+11,1.44000155501
72.9999999966,3.4242098257e+11,1.09274208255
73.9999999966,3.42419840098e+11,0.765407011441
74.9999999965,3.42418697627e+11,1.17935060078
75.9999999965,3.42417555155e+11,1.24795932078
76.9999999964,3.42416412683e+11,1.14130825249
77.9999999964,3.42415270212e+11,1.07905510103
78.9999999963,3.4241412774e+11,0.972929561053
79.9999999963,3.42412985268e+11,0.846900736629
80.9999999963,3.42411842797e+11,0.775893076117
81.9999999962,3.42410700325e+11,0.791039473245
82.9999999962,3.42409557853e+11,1.33796216678
83.9999999961,3.42408415382e+11,0.962305804705
