# Major, minor, position_angle:	7.02148154884	6.28781998204	88.5953507511
Velocity,Frequency,Flux Density
-25.0,3.3050509156e+11,3.71572081846
-24.0,3.30503989205e+11,3.17475168631
-22.9999999999,3.30502886851e+11,2.38578897438
-21.9999999998,3.30501784497e+11,3.31251546682
-20.9999999998,3.30500682142e+11,2.32961318808
-19.9999999998,3.30499579788e+11,1.71899552284
-18.9999999997,3.30498477433e+11,1.97202566565
-17.9999999996,3.30497375079e+11,1.73889031232
-16.9999999996,3.30496272725e+11,1.35694342953
-15.9999999995,3.3049517037e+11,1.44567240589
-14.9999999995,3.30494068016e+11,1.84603852305
-13.9999999994,3.30492965661e+11,1.92011021681
-12.9999999993,3.30491863307e+11,2.07745331331
-11.9999999993,3.30490760953e+11,2.40025511944
-10.9999999993,3.30489658598e+11,2.42757441403
-9.99999999914,3.30488556244e+11,2.37784597338
-8.9999999991,3.3048745389e+11,2.33766806344
-7.99999999906,3.30486351535e+11,2.0420288995
-6.99999999902,3.30485249181e+11,1.22543798919
-5.99999999898,3.30484146826e+11,0.334243912333
-4.99999999887,3.30483044472e+11,1.47252894787
-3.99999999883,3.30481942118e+11,1.8523663579
-2.99999999879,3.30480839763e+11,1.73114190664
-1.99999999875,3.30479737409e+11,1.20597516837
-0.999999998643,3.30478635054e+11,1.36094710316
1.39791325582e-09,3.304775327e+11,2.54613424549
1.00000000144,3.30476430346e+11,2.1215001361
2.00000000148,3.30475327991e+11,1.3801575798
3.00000000155,3.30474225637e+11,1.2562925244
4.00000000159,3.30473123282e+11,1.43926137474
5.00000000167,3.30472020928e+11,1.99543971531
6.00000000168,3.30470918574e+11,1.85299099864
7.00000000175,3.30469816219e+11,1.48451506526
8.00000000179,3.30468713865e+11,1.65447278513
9.00000000193,3.3046761151e+11,0.75653365636
10.0000000019,3.30466509156e+11,0.996963006302
11.000000002,3.30465406802e+11,1.11432812536
12.0000000021,3.30464304447e+11,0.687413088087
13.0000000021,3.30463202093e+11,0.843422339346
14.0000000022,3.30462099739e+11,0.965575132124
15.0000000022,3.30460997384e+11,0.840245217837
16.0000000023,3.3045989503e+11,0.947533769324
17.0000000023,3.30458792675e+11,1.1474340652
18.0000000024,3.30457690321e+11,0.741369601949
19.0000000024,3.30456587967e+11,0.895639876048
20.0000000025,3.30455485612e+11,0.879208326954
21.0000000026,3.30454383258e+11,0.930043393106
22.0000000027,3.30453280903e+11,1.16632659976
23.0000000027,3.30452178549e+11,0.770668448441
24.0000000027,3.30451076195e+11,1.24327528678
25.0000000028,3.3044997384e+11,1.6650942043
26.0000000028,3.30448871486e+11,1.51713130036
27.0000000029,3.30447769131e+11,1.22105392873
28.0000000029,3.30446666777e+11,0.943136758504
29.000000003,3.30445564423e+11,0.530908813032
30.0000000031,3.30444462068e+11,1.30262137679
31.0000000031,3.30443359714e+11,2.49828182538
32.0000000032,3.30442257359e+11,2.81385230295
33.0000000032,3.30441155005e+11,3.8769876343
34.0000000033,3.30440052651e+11,5.25697011161
35.0000000034,3.30438950296e+11,7.87390215461
36.0000000034,3.30437847942e+11,11.0377210782
37.0000000034,3.30436745588e+11,14.822553782
38.0000000035,3.30435643233e+11,17.7606571487
39.0000000036,3.30434540879e+11,17.8079878433
40.0000000036,3.30433438524e+11,15.9834074327
41.0000000037,3.3043233617e+11,13.2654029168
42.0000000037,3.30431233816e+11,10.5814459893
43.0000000038,3.30430131461e+11,9.0883814522
44.0000000039,3.30429029107e+11,8.94523573587
45.0000000039,3.30427926752e+11,7.88992560679
46.0000000039,3.30426824398e+11,5.76845354102
47.000000004,3.30425722044e+11,3.96168045198
48.0000000041,3.30424619689e+11,1.93798871188
49.0000000041,3.30423517335e+11,-0.584582050325
50.0000000042,3.3042241498e+11,-2.90892269913
51.0000000042,3.30421312626e+11,-3.13643985641
52.0000000043,3.30420210272e+11,-2.38808711254
53.0000000044,3.30419107917e+11,-2.18424305547
54.0000000044,3.30418005563e+11,-1.97772622779
55.0000000044,3.30416903208e+11,-0.511971251535
56.0000000046,3.30415800854e+11,-0.634564458252
57.0000000046,3.304146985e+11,-0.21401204235
58.0000000046,3.30413596145e+11,-0.0552040252444
59.0000000047,3.30412493791e+11,-0.35805202533
60.0000000048,3.30411391436e+11,-0.756438278859
61.0000000048,3.30410289082e+11,-0.0127848504083
62.0000000049,3.30409186728e+11,0.737642667775
63.0000000049,3.30408084373e+11,0.254064986826
64.0000000049,3.30406982019e+11,0.0450531217311
65.000000005,3.30405879665e+11,-0.0638790810692
66.0000000051,3.3040477731e+11,-0.384900974154
67.0000000051,3.30403674956e+11,-0.188973006686
68.0000000052,3.30402572601e+11,-0.34711628147
69.0000000053,3.30401470247e+11,-0.428189885311
70.0000000053,3.30400367893e+11,0.174605193483
71.0000000054,3.30399265538e+11,0.694046904946
72.0000000054,3.30398163184e+11,0.247784049442
73.0000000054,3.30397060829e+11,-0.436065222353
74.0000000055,3.30395958475e+11,-0.1292952454
75.0000000056,3.30394856121e+11,0.366697043157
76.0000000057,3.30393753766e+11,0.708111111505
77.0000000057,3.30392651412e+11,0.277723740296
78.0000000058,3.30391549057e+11,-0.00293346111937
79.0000000058,3.30390446703e+11,-0.127286374924
80.0000000059,3.30389344349e+11,-0.258856697609
81.0000000059,3.30388241994e+11,-0.00761241785627
82.000000006,3.3038713964e+11,-0.060032633279
83.000000006,3.30386037285e+11,-0.332944865135
84.0000000061,3.30384934931e+11,-0.649733038968
85.0000000061,3.30383832577e+11,-0.00323635980089
86.0000000062,3.30382730222e+11,0.249247882254
87.0000000063,3.30381627868e+11,0.429886186403
88.0000000063,3.30380525514e+11,0.755757641494
89.0000000064,3.30379423159e+11,0.270898772617
90.0000000065,3.30378320805e+11,-0.0370975125808
91.0000000065,3.3037721845e+11,-0.728290525878
92.0000000065,3.30376116096e+11,-0.91949389319
93.0000000066,3.30375013742e+11,-1.29909417712
94.0000000066,3.30373911387e+11,-0.516926874477
