# Major, minor, position_angle:	6.62694424391	6.04856535792	89.2365264893
Velocity,Frequency,Flux Density
-5.0,3.45345528947e+11,1.76688091418
-3.99999999996,3.45344377018e+11,1.32977890742
-2.99999999992,3.45343225088e+11,1.49194076178
-1.99999999988,3.45342073159e+11,0.531583834975
-0.999999999908,3.45340921229e+11,-0.0238042867483
1.99701893688e-10,3.453397693e+11,0.557479497539
1.00000000021,3.45338617371e+11,0.962159500222
2.00000000025,3.45337465441e+11,0.462062256189
3.00000000026,3.45336313512e+11,0.450453597806
4.0000000003,3.45335161582e+11,1.13767068127
5.00000000034,3.45334009653e+11,1.13307148748
6.00000000035,3.45332857723e+11,1.00719376327
7.00000000042,3.45331705794e+11,0.40604393343
8.00000000046,3.45330553864e+11,0.885456117439
9.00000000053,3.45329401935e+11,0.743951965783
10.0000000005,3.45328250005e+11,0.702107832331
11.0000000006,3.45327098076e+11,0.408892077663
12.0000000006,3.45325946146e+11,0.630363592247
13.0000000006,3.45324794217e+11,-0.18307732945
14.0000000007,3.45323642287e+11,0.696731664859
15.0000000007,3.45322490358e+11,1.68928527297
16.0000000008,3.45321338428e+11,1.39909992216
17.0000000008,3.45320186499e+11,0.848254212182
18.0000000008,3.45319034569e+11,1.33932930612
19.0000000009,3.4531788264e+11,1.88701825172
20.0000000009,3.4531673071e+11,1.05796439124
21.0000000009,3.45315578781e+11,1.31652367507
22.000000001,3.45314426852e+11,1.92126296203
23.000000001,3.45313274922e+11,0.888691463901
24.000000001,3.45312122993e+11,1.0342547006
25.0000000011,3.45310971063e+11,0.975346132229
26.0000000011,3.45309819134e+11,0.64946047587
27.0000000011,3.45308667204e+11,0.345488239533
28.0000000012,3.45307515275e+11,0.308965342684
29.0000000012,3.45306363345e+11,0.81325065088
30.0000000013,3.45305211416e+11,1.30493161561
31.0000000013,3.45304059486e+11,2.07674206036
32.0000000013,3.45302907557e+11,2.47644074827
33.0000000013,3.45301755627e+11,3.05066735043
34.0000000014,3.45300603698e+11,2.99670849737
35.0000000015,3.45299451768e+11,0.386854135222
36.0000000015,3.45298299839e+11,7.15449329422
37.0000000015,3.45297147909e+11,22.2830974301
38.0000000016,3.4529599598e+11,29.8601249115
39.0000000016,3.4529484405e+11,30.1685466069
40.0000000016,3.45293692121e+11,30.3814519512
41.0000000017,3.45292540191e+11,30.7926293173
42.0000000017,3.45291388262e+11,34.4134529993
43.0000000018,3.45290236332e+11,35.3244759722
44.0000000018,3.45289084403e+11,28.2162075516
45.0000000019,3.45287932474e+11,24.5007886585
46.0000000019,3.45286780544e+11,22.1577932515
47.0000000019,3.45285628615e+11,16.9485174533
48.0000000019,3.45284476685e+11,10.6343679581
49.000000002,3.45283324756e+11,7.01605948501
50.000000002,3.45282172826e+11,5.03811755364
51.0000000021,3.45281020897e+11,2.98522400546
52.0000000021,3.45279868967e+11,2.40420927027
53.0000000021,3.45278717038e+11,2.02185261141
54.0000000021,3.45277565108e+11,1.18442797832
55.0000000022,3.45276413179e+11,1.72075274433
56.0000000022,3.45275261249e+11,1.89892956689
57.0000000023,3.4527410932e+11,1.6912555784
58.0000000023,3.4527295739e+11,1.91460376555
59.0000000023,3.45271805461e+11,1.95738872339
60.0000000024,3.45270653531e+11,2.64031865776
61.0000000024,3.45269501602e+11,2.95497631477
62.0000000025,3.45268349672e+11,2.93997158771
63.0000000025,3.45267197743e+11,2.87805081563
64.0000000026,3.45266045813e+11,2.95971736152
65.0000000025,3.45264893884e+11,2.33928429623
66.0000000026,3.45263741955e+11,1.93607350751
67.0000000026,3.45262590025e+11,1.2452785675
68.0000000027,3.45261438096e+11,2.00764211354
69.0000000027,3.45260286166e+11,1.59194011992
70.0000000028,3.45259134237e+11,1.05646727997
71.0000000028,3.45257982307e+11,1.00490530323
72.0000000028,3.45256830378e+11,1.3908241111
73.0000000029,3.45255678448e+11,1.34618556154
74.0000000029,3.45254526519e+11,0.774286920092
75.0000000029,3.45253374589e+11,0.531150136165
76.000000003,3.4525222266e+11,0.76207488577
77.000000003,3.4525107073e+11,1.502595683
78.0000000031,3.45249918801e+11,0.445222713415
79.0000000031,3.45248766871e+11,0.894647232724
80.0000000031,3.45247614942e+11,1.10176310541
81.0000000032,3.45246463012e+11,0.909567933194
82.0000000032,3.45245311083e+11,0.958324986063
83.0000000032,3.45244159153e+11,1.48263629523
84.0000000033,3.45243007224e+11,2.67846166726
