# Major, minor, position_angle:	6.81852644658	6.1031194965	-84.4338417294
Velocity,Frequency,Flux Density
-25.0,3.42676209737e+11,-0.00596214958478
-24.0,3.42675066788e+11,0.229517422218
-23.0000000001,3.42673923838e+11,0.109483013874
-22.0000000001,3.42672780889e+11,-0.526067790814
-21.0000000001,3.42671637939e+11,-0.754829342845
-20.0000000002,3.4267049499e+11,-0.376410533387
-19.0000000002,3.4266935204e+11,0.1192600251
-18.0000000003,3.42668209091e+11,0.246884989464
-17.0000000003,3.42667066141e+11,0.0405299655591
-16.0000000004,3.42665923192e+11,0.0167685940179
-15.0000000004,3.42664780242e+11,0.220697168661
-14.0000000004,3.42663637293e+11,0.55066123533
-13.0000000005,3.42662494343e+11,0.826256792972
-12.0000000005,3.42661351394e+11,0.297584616686
-11.0000000006,3.42660208444e+11,0.0433655831603
-10.0000000006,3.42659065495e+11,0.191411368975
-9.00000000063,3.42657922545e+11,-0.169717106041
-8.00000000066,3.42656779596e+11,-0.393652959983
-7.00000000075,3.42655636646e+11,-0.913002372022
-6.00000000078,3.42654493697e+11,-1.02895899056
-5.0000000008,3.42653350747e+11,-0.516747280172
-4.00000000083,3.42652207798e+11,0.452123163119
-3.00000000092,3.42651064848e+11,0.631538212469
-2.00000000095,3.42649921899e+11,0.36900186865
-1.00000000097,3.42648778949e+11,-0.333772302865
-9.98509468442e-10,3.42647636e+11,0.0716934898782
0.999999998943,3.42646493051e+11,0.14933086005
1.99999999892,3.42645350101e+11,-0.332496122383
2.99999999886,3.42644207152e+11,0.229495319513
3.99999999883,3.42643064202e+11,0.559753331721
4.99999999881,3.42641921253e+11,0.174208785332
5.99999999875,3.42640778303e+11,-0.118463899874
6.99999999869,3.42639635354e+11,-0.098008148372
7.99999999866,3.42638492404e+11,-0.219249805182
8.9999999986,3.42637349455e+11,-0.0523725972854
9.99999999858,3.42636206505e+11,0.55123572586
10.9999999985,3.42635063556e+11,0.963701205554
11.9999999985,3.42633920606e+11,0.723449249965
12.9999999985,3.42632777657e+11,-0.00385672869356
13.9999999984,3.42631634707e+11,0.308118683087
14.9999999984,3.42630491758e+11,-0.0976877376622
15.9999999983,3.42629348808e+11,-0.00833350007292
16.9999999983,3.42628205859e+11,-0.0902369936714
17.9999999982,3.42627062909e+11,-0.286939603331
18.9999999982,3.4262591996e+11,0.30380154563
19.9999999982,3.4262477701e+11,0.227830468884
20.9999999981,3.42623634061e+11,-0.342193060311
21.9999999981,3.42622491111e+11,-0.496640673493
22.999999998,3.42621348162e+11,-0.634420700768
23.999999998,3.42620205212e+11,-0.167858263571
24.999999998,3.42619062263e+11,0.0351446510576
25.9999999979,3.42617919313e+11,-0.0379565789971
26.9999999979,3.42616776364e+11,0.328499183425
27.9999999979,3.42615633414e+11,-0.175665113737
28.9999999978,3.42614490465e+11,0.809846676086
29.9999999978,3.42613347515e+11,1.20726565269
30.9999999977,3.42612204566e+11,2.40098891353
31.9999999977,3.42611061616e+11,3.28623033876
32.9999999976,3.42609918667e+11,4.61226658567
33.9999999976,3.42608775717e+11,7.63573804335
34.9999999975,3.42607632768e+11,10.168151414
35.9999999975,3.42606489818e+11,13.4089228272
36.9999999975,3.42605346869e+11,17.7453858655
37.9999999974,3.4260420392e+11,21.0632966969
38.9999999974,3.4260306097e+11,21.1048349729
39.9999999973,3.42601918021e+11,19.2341722093
40.9999999973,3.42600775071e+11,16.0469561192
41.9999999972,3.42599632122e+11,12.1351062361
42.9999999972,3.42598489172e+11,7.88521738719
43.9999999972,3.42597346223e+11,4.98496070465
44.9999999971,3.42596203273e+11,2.53823237754
45.9999999971,3.42595060324e+11,0.834999301442
46.9999999971,3.42593917374e+11,-0.702789989801
47.999999997,3.42592774425e+11,-2.79186639962
48.999999997,3.42591631475e+11,-4.00829823265
49.9999999969,3.42590488526e+11,-4.67825861932
50.9999999969,3.42589345576e+11,-3.98603591846
51.9999999968,3.42588202627e+11,-3.76097050453
52.9999999968,3.42587059677e+11,-3.07355081763
53.9999999968,3.42585916728e+11,-2.57236708096
54.9999999967,3.42584773778e+11,-2.07723124546
55.9999999967,3.42583630829e+11,-1.35860846141
56.9999999966,3.42582487879e+11,-0.163848507694
57.9999999966,3.4258134493e+11,-0.0518392062654
58.9999999965,3.4258020198e+11,-0.35675605526
59.9999999965,3.42579059031e+11,-0.109481254943
60.9999999964,3.42577916081e+11,-0.183954925334
61.9999999964,3.42576773132e+11,-0.258132995024
62.9999999964,3.42575630182e+11,-0.208177104501
63.9999999964,3.42574487233e+11,0.198430713783
64.9999999963,3.42573344283e+11,-0.334244268558
65.9999999963,3.42572201334e+11,-0.391606592085
66.9999999962,3.42571058384e+11,-0.335939370739
67.9999999962,3.42569915435e+11,-0.4372937766
68.9999999962,3.42568772485e+11,0.757203206177
69.9999999961,3.42567629536e+11,0.312853051483
70.9999999961,3.42566486586e+11,0.215096427543
71.999999996,3.42565343637e+11,-0.0965966064524
72.999999996,3.42564200687e+11,-0.0973681295449
73.9999999959,3.42563057738e+11,0.27579447955
74.9999999959,3.42561914788e+11,0.371240515005
75.9999999959,3.42560771839e+11,-0.480309148818
76.9999999958,3.4255962889e+11,0.508140606405
77.9999999958,3.4255848594e+11,0.390162845686
78.9999999957,3.42557342991e+11,0.392189333208
79.9999999957,3.42556200041e+11,0.191350228948
80.9999999957,3.42555057092e+11,-0.312674437244
81.9999999956,3.42553914142e+11,0.117479587189
82.9999999956,3.42552771193e+11,0.12596871499
83.9999999955,3.42551628243e+11,-0.36929488843
84.9999999955,3.42550485294e+11,-0.464048473939
85.9999999955,3.42549342344e+11,-0.522930689625
86.9999999954,3.42548199395e+11,-0.436918918459
87.9999999954,3.42547056445e+11,-0.0752958730892
88.9999999953,3.42545913496e+11,0.353893096807
89.9999999953,3.42544770546e+11,0.227079621616
90.9999999952,3.42543627597e+11,-0.133612521895
91.9999999952,3.42542484647e+11,-0.279035821271
92.9999999951,3.42541341698e+11,0.303550135539
93.9999999951,3.42540198748e+11,0.25195692104
