# Major, minor, position_angle:	7.01070981297	6.29424398453	88.5151223741
Velocity,Frequency,Flux Density
-25.0,3.31151342747e+11,-0.252146861116
-24.0,3.31150238237e+11,0.133419252088
-23.0000000001,3.31149133727e+11,-0.0328008590831
-22.0000000002,3.31148029217e+11,-0.0826926923518
-21.0000000002,3.31146924707e+11,0.290457741218
-20.0000000002,3.31145820197e+11,0.626968445279
-19.0000000003,3.31144715688e+11,0.139527505334
-18.0000000003,3.31143611178e+11,-0.248746628172
-17.0000000004,3.31142506668e+11,-0.0555744023397
-16.0000000005,3.31141402158e+11,0.815902608571
-15.0000000005,3.31140297648e+11,-0.45814492411
-14.0000000006,3.31139193138e+11,-0.128276335169
-13.0000000006,3.31138088628e+11,-0.110562658782
-12.0000000007,3.31136984118e+11,-0.173191768291
-11.0000000007,3.31135879609e+11,-0.104315267376
-10.0000000008,3.31134775099e+11,-0.119590318463
-9.00000000083,3.31133670589e+11,-0.0758158857759
-8.00000000093,3.31132566079e+11,0.463466230233
-7.00000000095,3.31131461569e+11,0.272705065951
-6.00000000098,3.31130357059e+11,-0.58361492768
-5.00000000107,3.31129252549e+11,-0.597615560072
-4.0000000011,3.31128148039e+11,-0.564597477443
-3.00000000119,3.3112704353e+11,-0.845715447272
-2.00000000121,3.3112593902e+11,-0.390398085351
-1.00000000124,3.3112483451e+11,0.551123193143
-1.33134595792e-09,3.3112373e+11,1.27130028821
0.99999999861,3.3112262549e+11,1.63757435364
1.99999999855,3.3112152098e+11,2.80486753739
2.99999999853,3.3112041647e+11,4.34626918618
3.99999999847,3.31119311961e+11,6.03954966845
4.99999999841,3.31118207451e+11,9.22010532799
5.99999999835,3.31117102941e+11,11.9317859034
6.99999999829,3.31115998431e+11,12.6427499798
7.9999999982,3.31114893921e+11,13.2804823761
8.9999999982,3.31113789411e+11,10.9996077952
9.99999999815,3.31112684901e+11,7.18722662737
10.9999999981,3.31111580391e+11,5.46273692964
11.999999998,3.31110475882e+11,5.40715400857
12.999999998,3.31109371372e+11,4.46008421638
13.9999999979,3.31108266862e+11,2.96404490631
14.9999999979,3.31107162352e+11,1.84218187368
15.9999999978,3.31106057842e+11,0.45865721845
16.9999999978,3.31104953332e+11,-0.0516922762692
17.9999999977,3.31103848822e+11,-0.591798043768
18.9999999976,3.31102744312e+11,-0.994987992735
19.9999999976,3.31101639803e+11,-1.14848474094
20.9999999975,3.31100535293e+11,-1.4191192048
21.9999999975,3.31099430783e+11,-1.44339571656
22.9999999974,3.31098326273e+11,-1.52452444604
23.9999999974,3.31097221763e+11,-1.51942027419
24.9999999973,3.31096117253e+11,-1.141827109
25.9999999973,3.31095012743e+11,-0.596524249751
26.9999999972,3.31093908233e+11,-0.145466611707
27.9999999972,3.31092803724e+11,0.936236442242
28.9999999971,3.31091699214e+11,1.40761604181
29.9999999971,3.31090594704e+11,2.65574633526
30.999999997,3.31089490194e+11,4.04488927095
31.9999999969,3.31088385684e+11,6.71225840806
32.9999999969,3.31087281174e+11,9.10289996881
33.9999999968,3.31086176664e+11,12.6736959344
34.9999999968,3.31085072154e+11,16.4493537248
35.9999999967,3.31083967645e+11,20.9519659804
36.9999999967,3.31082863135e+11,24.0517163843
37.9999999966,3.31081758625e+11,24.9506710343
38.9999999966,3.31080654115e+11,24.5917685208
39.9999999965,3.31079549605e+11,23.3994717037
40.9999999965,3.31078445095e+11,21.2656171982
41.9999999964,3.31077340585e+11,18.3226392563
42.9999999964,3.31076236075e+11,13.5664383629
43.9999999963,3.31075131566e+11,8.40804417588
44.9999999963,3.31074027056e+11,5.43220983068
45.9999999962,3.31072922546e+11,3.00972424282
46.9999999961,3.31071818036e+11,-0.551160825957
47.9999999961,3.31070713526e+11,-3.34216196704
48.999999996,3.31069609016e+11,-4.90341247811
49.999999996,3.31068504506e+11,-5.32593723939
50.9999999959,3.31067399996e+11,-5.41765476984
51.9999999959,3.31066295487e+11,-4.09456047536
52.9999999958,3.31065190977e+11,-3.27789848498
53.9999999958,3.31064086467e+11,-2.01952242602
54.9999999957,3.31062981957e+11,-1.31864017442
55.9999999957,3.31061877447e+11,-1.44952941631
56.9999999956,3.31060772937e+11,-0.489510277887
57.9999999955,3.31059668427e+11,-0.776737945021
58.9999999955,3.31058563917e+11,-0.519497614184
59.9999999955,3.31057459408e+11,-0.142840176286
60.9999999954,3.31056354898e+11,0.214106429586
61.9999999953,3.31055250388e+11,-0.20102693555
62.9999999953,3.31054145878e+11,0.21269627252
63.9999999952,3.31053041368e+11,0.104514856618
64.9999999951,3.31051936858e+11,-0.0140015229582
65.9999999951,3.31050832348e+11,0.101062141942
66.9999999951,3.31049727838e+11,0.233106505949
67.999999995,3.31048623329e+11,-0.111709464787
68.999999995,3.31047518819e+11,-1.27636234766
69.9999999949,3.31046414309e+11,-0.372577362729
70.9999999948,3.31045309799e+11,0.236007542856
71.9999999948,3.31044205289e+11,0.683836221138
72.9999999947,3.31043100779e+11,0.454423547401
73.9999999947,3.31041996269e+11,-0.195173331485
74.9999999946,3.31040891759e+11,-0.185101552116
75.9999999946,3.3103978725e+11,-0.114777060206
76.9999999945,3.3103868274e+11,0.327408962139
77.9999999945,3.3103757823e+11,0.512802595035
78.9999999944,3.3103647372e+11,-0.179684314024
79.9999999944,3.3103536921e+11,-0.0884853250747
80.9999999943,3.310342647e+11,-0.0400453916956
81.9999999943,3.3103316019e+11,-0.796412756083
82.9999999942,3.3103205568e+11,-0.314076662414
83.9999999941,3.31030951171e+11,0.063033691827
84.9999999941,3.31029846661e+11,0.235377943627
85.999999994,3.31028742151e+11,0.129248867567
86.999999994,3.31027637641e+11,-0.229067859734
87.9999999939,3.31026533131e+11,-0.200689585404
88.9999999939,3.31025428621e+11,-0.216801025354
89.9999999938,3.31024324111e+11,0.414568508403
90.9999999938,3.31023219601e+11,0.856400206834
91.9999999937,3.31022115092e+11,0.931773243605
92.9999999936,3.31021010582e+11,0.243610014894
93.9999999936,3.31019906072e+11,0.700524776456
