-5.0,-0.290342126624
-3.99999999996,-0.217867599931
-2.99999999992,-0.283646429889
-1.99999999982,-0.44473983685
-0.999999999775,-0.601221720688
2.66269191584e-10,-0.787896639667
1.00000000034,-1.02057657111
2.00000000038,-1.32789575681
3.00000000046,-1.37433448993
4.0000000005,-1.51961290464
5.0000000006,-0.791820689104
6.00000000061,-0.860251088627
7.00000000069,-0.686218018178
8.00000000073,-0.640962844715
9.0000000008,-0.484932561405
10.0000000008,-0.366217277362
11.0000000009,-0.303601716878
12.000000001,-0.284476358822
13.000000001,-0.197526661592
14.0000000011,-0.255700264941
15.0000000011,-0.236992157967
16.0000000012,-0.199092000021
17.0000000012,-0.206965468664
18.0000000013,-0.244170018879
19.0000000013,-0.217140704452
20.0000000014,-0.251073924795
21.0000000014,-0.268708835385
22.0000000015,-0.299478099138
23.0000000016,-0.294269077072
24.0000000016,-0.337426644168
25.0000000017,-0.293497501267
26.0000000017,-0.225696213456
27.0000000018,-0.28583114018
28.0000000019,-0.311986671171
29.0000000019,-0.318626390188
30.000000002,-0.18894154708
31.000000002,-0.157564681373
32.0000000021,-0.0759444143223
33.0000000021,0.249871381209
34.0000000022,0.521255949046
35.0000000022,0.948611570522
36.0000000023,1.41878707334
37.0000000023,1.7217660863
38.0000000024,1.83507080376
39.0000000025,1.68770356849
40.0000000025,1.36543563195
41.0000000026,1.2768243067
42.0000000026,1.13817727752
43.0000000027,1.19111627154
44.0000000028,1.41885722429
45.0000000028,1.40291841142
46.0000000028,1.21070896462
47.0000000029,0.588134389563
48.0000000029,-0.0723950938554
49.000000003,-0.919929388445
50.0000000031,-1.50115478039
51.0000000032,-1.75369781256
52.0000000032,-1.59946987964
53.0000000032,-1.42778291646
54.0000000033,-1.28365671169
55.0000000033,-1.055958529
56.0000000034,-0.683743220754
57.0000000035,-0.606423346791
58.0000000035,-0.436714868061
59.0000000036,-0.400312959908
60.0000000037,-0.337567860937
61.0000000037,-0.289396930428
62.0000000038,-0.380273388349
63.0000000038,-0.342734634876
64.0000000038,-0.340751674026
65.0000000039,-0.377843550174
66.000000004,-0.367404947057
67.000000004,-0.318321291008
68.0000000041,-0.297453445528
69.0000000041,-0.320741275791
70.0000000042,-0.252228067111
71.0000000043,-0.188766551315
72.0000000043,-0.198503521918
73.0000000044,-0.267460546143
74.0000000045,-0.287045415607
75.0000000044,-0.155181134403
76.0000000045,-0.209742864798
77.0000000046,-0.285636179673
78.0000000047,-0.204183954243
79.0000000047,-0.183739215907
80.0000000048,-0.318302721251
81.0000000048,-0.294095333331
82.0000000049,-0.264463104249
83.0000000049,-0.280815888102
84.000000005,-0.271834669344
