# Major, minor, position_angle:	0.0350498985975	0.0314685658198	88.5085439628
Velocity,Frequency,Flux Density
-25.0,3.31185731914e+11,-0.0199272130412
-24.0,3.3118462729e+11,0.0655248507992
-22.9999999999,3.31183522665e+11,0.0968847820768
-21.9999999999,3.31182418041e+11,0.0750511518345
-20.9999999999,3.31181313416e+11,0.0108718284027
-19.9999999999,3.31180208791e+11,-0.0732238025557
-18.9999999998,3.31179104167e+11,0.0111460283806
-17.9999999998,3.31177999542e+11,-0.0411416464995
-16.9999999998,3.31176894918e+11,-0.159696768998
-15.9999999998,3.31175790293e+11,-0.0580269175116
-14.9999999997,3.31174685669e+11,0.0593935261386
-13.9999999997,3.31173581044e+11,0.0406771192429
-12.9999999997,3.31172476419e+11,0.0814906316082
-11.9999999996,3.31171371795e+11,0.0314386598984
-10.9999999997,3.3117026717e+11,-0.0634608514702
-9.99999999961,3.31169162546e+11,0.0321678781693
-8.99999999957,3.31168057921e+11,0.0239384754605
-7.99999999953,3.31166953297e+11,0.00462770361628
-6.99999999955,3.31165848672e+11,0.132967643454
-5.99999999951,3.31164744047e+11,0.129049513009
-4.99999999947,3.31163639423e+11,0.0877553266964
-3.99999999943,3.31162534798e+11,-0.00372183674335
-2.99999999939,3.31161430174e+11,0.0657271243945
-1.99999999942,3.31160325549e+11,-0.00895484919602
-0.999999999375,3.31159220925e+11,-0.050987985036
6.65672978961e-10,3.311581163e+11,-0.00519739590163
1.00000000067,3.31157011675e+11,-0.0623703746351
2.00000000071,3.31155907051e+11,0.00764597614761
3.00000000076,3.31154802426e+11,0.0390586776402
4.00000000076,3.31153697802e+11,0.0681650206243
5.0000000008,3.31152593177e+11,-0.0168956631514
6.00000000081,3.31151488553e+11,-0.102451235773
7.00000000082,3.31150383928e+11,-0.10787162726
8.00000000086,3.31149279303e+11,0.0910240848025
9.00000000093,3.31148174679e+11,0.0392676214906
10.0000000009,3.31147070054e+11,0.0250148439472
11.0000000009,3.3114596543e+11,0.0650424284704
12.000000001,3.31144860805e+11,-0.0349007893128
13.000000001,3.31143756181e+11,-0.0528913658636
14.0000000011,3.31142651556e+11,-0.0137969857788
15.0000000011,3.31141546931e+11,0.133849063866
16.0000000011,3.31140442307e+11,-0.0490557936197
17.0000000011,3.31139337682e+11,0.0609019947151
18.0000000011,3.31138233058e+11,0.0261934284572
19.0000000012,3.31137128433e+11,0.0771238099715
20.0000000012,3.31136023809e+11,0.018189153423
21.0000000012,3.31134919184e+11,-0.0529272422418
22.0000000013,3.31133814559e+11,-0.11860684416
23.0000000013,3.31132709935e+11,-0.0773378512531
24.0000000013,3.3113160531e+11,-0.269962302875
25.0000000013,3.31130500686e+11,-0.0523649235383
26.0000000014,3.31129396061e+11,-0.0805831160251
27.0000000013,3.31128291436e+11,-0.0519038726634
28.0000000014,3.31127186812e+11,0.0292535608678
29.0000000014,3.31126082187e+11,0.033616997192
30.0000000015,3.31124977563e+11,0.104301560772
31.0000000015,3.31123872938e+11,0.00621868418057
32.0000000015,3.31122768314e+11,0.142165167621
33.0000000015,3.31121663689e+11,0.320132270688
34.0000000016,3.31120559064e+11,0.496244089212
35.0000000016,3.3111945444e+11,0.815434744582
36.0000000016,3.31118349815e+11,1.20042732172
37.0000000016,3.31117245191e+11,1.52755545639
38.0000000017,3.31116140566e+11,1.49254064076
39.0000000017,3.31115035942e+11,1.36887226626
40.0000000017,3.31113931317e+11,1.0037555825
41.0000000018,3.31112826692e+11,0.669881358743
42.0000000018,3.31111722068e+11,0.510855403263
43.0000000018,3.31110617443e+11,0.392910187133
44.0000000018,3.31109512819e+11,0.363347107079
45.0000000019,3.31108408194e+11,0.186600186513
46.0000000019,3.3110730357e+11,-0.091244894822
47.0000000019,3.31106198945e+11,-0.203307676231
48.0000000019,3.3110509432e+11,-0.436655262019
49.000000002,3.31103989696e+11,-0.700312439352
50.000000002,3.31102885071e+11,-0.791740752757
51.000000002,3.31101780447e+11,-0.878894306719
52.0000000021,3.31100675822e+11,-0.807262984104
53.000000002,3.31099571198e+11,-0.802585880272
54.0000000021,3.31098466573e+11,-0.668763776775
55.0000000021,3.31097361948e+11,-0.430521558505
56.0000000022,3.31096257324e+11,-0.353215463125
57.0000000022,3.31095152699e+11,-0.130122452218
58.0000000022,3.31094048075e+11,-0.087480430838
59.0000000022,3.3109294345e+11,0.0123929623551
60.0000000023,3.31091838826e+11,0.166015637689
61.0000000023,3.31090734201e+11,0.401562175248
62.0000000023,3.31089629576e+11,0.528391603846
63.0000000024,3.31088524952e+11,0.747421056032
64.0000000024,3.31087420327e+11,1.12283459213
65.0000000024,3.31086315703e+11,1.47392765619
66.0000000024,3.31085211078e+11,1.89890864864
67.0000000024,3.31084106454e+11,1.95720540918
68.0000000025,3.31083001829e+11,2.02705783024
69.0000000025,3.31081897204e+11,1.81283464469
70.0000000025,3.3108079258e+11,1.34086874966
71.0000000026,3.31079687955e+11,1.03870678321
72.0000000026,3.31078583331e+11,0.742387648672
73.0000000026,3.31077478706e+11,0.203236704097
74.0000000027,3.31076374081e+11,-0.0250752115171
75.0000000027,3.31075269457e+11,-0.935065068188
76.0000000027,3.31074164832e+11,-1.49430402182
77.0000000027,3.31073060208e+11,-1.82966467831
78.0000000028,3.31071955583e+11,-2.38699286059
79.0000000028,3.31070850959e+11,-2.68212089501
80.0000000028,3.31069746334e+11,-2.95166141354
81.0000000028,3.31068641709e+11,-2.95120555721
82.0000000029,3.31067537085e+11,-2.73383821733
83.0000000029,3.3106643246e+11,-2.28417737037
84.0000000029,3.31065327836e+11,-1.52884617634
85.0000000029,3.31064223211e+11,-1.21855128929
86.0000000029,3.31063118587e+11,-0.661775769666
87.000000003,3.31062013962e+11,-0.610658595804
88.000000003,3.31060909337e+11,-0.207012494357
89.000000003,3.31059804713e+11,-0.227306506364
90.0000000031,3.31058700088e+11,-0.155626403197
91.0000000031,3.31057595464e+11,-0.0554757526006
92.0000000031,3.31056490839e+11,0.0182783643304
93.0000000031,3.31055386215e+11,-0.201745802078
94.0000000032,3.3105428159e+11,-0.192452801857
