# Major, minor, position_angle:	0.0332336719166	0.0303281227532	89.4709237127
Velocity,Frequency,Flux Density
-5.0,3.44922282589e+11,1.09543808363
-4.00000000003,3.44921132071e+11,1.16560043581
-2.99999999999,3.44919981553e+11,1.00166117679
-1.99999999995,3.44918831035e+11,0.722923046909
-0.999999999908,3.44917680518e+11,0.630095555447
1.33134595792e-10,3.4491653e+11,0.42322739982
1.00000000014,3.44915379482e+11,0.255779955041
2.00000000015,3.44914228965e+11,0.185766879811
3.00000000019,3.44913078447e+11,0.113154706109
4.00000000023,3.44911927929e+11,0.182433153706
5.00000000027,3.44910777411e+11,0.340750176503
6.00000000028,3.44909626894e+11,0.309934922087
7.00000000029,3.44908476376e+11,0.258012413513
8.00000000033,3.44907325858e+11,0.267317763006
9.00000000033,3.44906175341e+11,0.198554226923
10.0000000004,3.44905024823e+11,0.157149516366
11.0000000004,3.44903874305e+11,0.224263430369
12.0000000004,3.44902723788e+11,0.243393364042
13.0000000005,3.4490157327e+11,0.258172289236
14.0000000005,3.44900422752e+11,0.34789314714
15.0000000005,3.44899272234e+11,0.216317144746
16.0000000006,3.44898121717e+11,0.172557491956
17.0000000006,3.44896971199e+11,0.149712813993
18.0000000006,3.44895820681e+11,0.230352204759
19.0000000006,3.44894670164e+11,0.104661136575
20.0000000007,3.44893519646e+11,0.125135393027
21.0000000007,3.44892369128e+11,0.173454859951
22.0000000007,3.44891218611e+11,0.0752532831975
23.0000000007,3.44890068093e+11,0.108254540639
24.0000000007,3.44888917575e+11,0.0999452368505
25.0000000008,3.44887767057e+11,0.148062391818
26.0000000008,3.4488661654e+11,0.234841229685
27.0000000008,3.44885466022e+11,0.330252625805
28.0000000009,3.44884315504e+11,0.523622773704
29.0000000009,3.44883164987e+11,0.639777765609
30.0000000009,3.44882014469e+11,0.92316852184
31.0000000009,3.44880863951e+11,1.24261209927
32.000000001,3.44879713434e+11,1.23679759866
33.000000001,3.44878562916e+11,0.890927966684
34.000000001,3.44877412398e+11,-0.301969108754
35.0000000011,3.4487626188e+11,-2.77086575376
36.0000000011,3.44875111363e+11,-4.04041048139
37.0000000011,3.44873960845e+11,-4.39445706829
38.0000000012,3.44872810327e+11,-4.34651376307
39.0000000012,3.4487165981e+11,-3.62354183383
40.0000000012,3.44870509292e+11,-2.86093616672
41.0000000012,3.44869358774e+11,-2.57053194195
42.0000000012,3.44868208256e+11,-2.75124159083
43.0000000013,3.44867057739e+11,-2.98268724233
44.0000000013,3.44865907221e+11,-3.28014662676
45.0000000013,3.44864756703e+11,-3.4270006232
46.0000000013,3.44863606186e+11,-3.5362759456
47.0000000014,3.44862455668e+11,-3.73289257474
48.0000000014,3.4486130515e+11,-3.7813366279
49.0000000014,3.44860154633e+11,-3.85208362155
50.0000000015,3.44859004115e+11,-3.74466969818
51.0000000015,3.44857853597e+11,-3.51426786929
52.0000000015,3.44856703079e+11,-3.25390586071
53.0000000015,3.44855552562e+11,-2.78496358357
54.0000000015,3.44854402044e+11,-2.32026828267
55.0000000016,3.44853251526e+11,-1.68455552217
56.0000000016,3.44852101009e+11,-1.37686206866
57.0000000017,3.44850950491e+11,-0.918108055368
58.0000000017,3.44849799973e+11,-0.461359878384
59.0000000017,3.44848649456e+11,-0.273356372367
60.0000000017,3.44847498938e+11,0.00239023973063
61.0000000018,3.4484634842e+11,0.126319998355
62.0000000018,3.44845197902e+11,0.153644380916
63.0000000018,3.44844047385e+11,0.17867633251
64.0000000018,3.44842896867e+11,0.104340702896
65.0000000019,3.44841746349e+11,0.151592453913
66.0000000019,3.44840595832e+11,0.300495783915
67.000000002,3.44839445314e+11,0.276148248755
68.0000000019,3.44838294796e+11,0.167744501217
69.000000002,3.44837144279e+11,0.160166901936
70.000000002,3.44835993761e+11,0.153383952507
71.000000002,3.44834843243e+11,0.14804179746
72.0000000021,3.44833692725e+11,0.222347660529
73.0000000021,3.44832542208e+11,0.200110804231
74.0000000021,3.4483139169e+11,0.240866644162
75.0000000021,3.44830241172e+11,0.167773107481
76.0000000022,3.44829090655e+11,0.150980696531
77.0000000022,3.44827940137e+11,0.219662325158
78.0000000023,3.44826789619e+11,0.17148484764
79.0000000022,3.44825639102e+11,0.181659192313
80.0000000023,3.44824488584e+11,0.161023989807
81.0000000023,3.44823338066e+11,0.13171562778
82.0000000024,3.44822187548e+11,0.161223588133
83.0000000024,3.44821037031e+11,0.252798750997
84.0000000024,3.44819886513e+11,0.289510974893
