# Major, minor, position_angle:	0.0340901302482	0.0304987679493	-1.47265524864
Velocity,Frequency,Flux Density
-5.0,3.42510095358e+11,0.243173586437
-4.00000000003,3.42508952887e+11,0.252077738871
-3.00000000006,3.42507810415e+11,0.265278295963
-2.00000000015,3.42506667943e+11,0.290582873393
-1.00000000017,3.42505525472e+11,0.259067822131
-1.99701893688e-10,3.42504383e+11,0.208446392053
0.999999999741,3.42503240528e+11,0.236931430991
1.99999999972,3.42502098057e+11,0.34913968842
2.99999999966,3.42500955585e+11,0.240365114645
3.9999999996,3.42499813113e+11,0.211781104852
4.99999999961,3.42498670642e+11,0.182200677111
5.99999999948,3.4249752817e+11,0.143242559425
6.99999999949,3.42496385698e+11,0.208394288662
7.9999999994,3.42495243227e+11,0.227479468274
8.9999999994,3.42494100755e+11,0.18873986564
9.99999999931,3.42492958284e+11,0.197293729056
10.9999999993,3.42491815812e+11,0.186050028657
11.9999999993,3.4249067334e+11,0.187121321589
12.9999999992,3.42489530869e+11,0.169963042128
13.9999999992,3.42488388397e+11,0.122791045815
14.9999999991,3.42487245925e+11,0.129576372688
15.9999999991,3.42486103454e+11,0.119747704589
16.999999999,3.42484960982e+11,0.150436728545
17.999999999,3.4248381851e+11,0.252355991979
18.9999999989,3.42482676039e+11,0.193000784056
19.9999999989,3.42481533567e+11,0.0880722777692
20.9999999988,3.42480391095e+11,0.111977962013
21.9999999988,3.42479248624e+11,0.106061878778
22.9999999988,3.42478106152e+11,0.123977961674
23.9999999988,3.4247696368e+11,0.174919510748
24.9999999987,3.42475821209e+11,0.1755857963
25.9999999987,3.42474678737e+11,0.0926078715784
26.9999999986,3.42473536266e+11,0.144540964873
27.9999999986,3.42472393794e+11,0.24758547515
28.9999999985,3.42471251322e+11,0.604755658453
29.9999999985,3.42470108851e+11,0.81482848688
30.9999999984,3.42468966379e+11,1.2147434731
31.9999999984,3.42467823907e+11,1.49609450251
32.9999999984,3.42466681436e+11,1.7133054249
33.9999999983,3.42465538964e+11,1.795819561
34.9999999983,3.42464396492e+11,1.56689455267
35.9999999982,3.42463254021e+11,1.14814381348
36.9999999982,3.42462111549e+11,0.542932682671
37.9999999982,3.42460969077e+11,-0.108279176056
38.9999999981,3.42459826606e+11,-0.557455561589
39.999999998,3.42458684134e+11,-0.863159210654
40.999999998,3.42457541663e+11,-1.01941726147
41.999999998,3.42456399191e+11,-1.37826332496
42.9999999979,3.42455256719e+11,-1.87300008279
43.9999999979,3.42454114248e+11,-2.07080192259
44.9999999978,3.42452971776e+11,-2.21077198733
45.9999999978,3.42451829304e+11,-2.2214717085
46.9999999977,3.42450686833e+11,-2.00613003585
47.9999999977,3.42449544361e+11,-1.85779475747
48.9999999976,3.42448401889e+11,-1.77925830008
49.9999999976,3.42447259418e+11,-1.9293760974
50.9999999976,3.42446116946e+11,-2.33962231036
51.9999999975,3.42444974474e+11,-2.38633219246
52.9999999974,3.42443832003e+11,-2.33087946568
53.9999999974,3.42442689531e+11,-2.04335301369
54.9999999974,3.42441547059e+11,-1.74278730992
55.9999999974,3.42440404588e+11,-1.35100700893
56.9999999973,3.42439262116e+11,-0.852996374946
57.9999999972,3.42438119645e+11,-0.388059461431
58.9999999972,3.42436977173e+11,-0.220448030188
59.9999999972,3.42435834701e+11,-0.0172534989706
60.9999999971,3.4243469223e+11,0.098371769418
61.9999999971,3.42433549758e+11,0.16471568618
62.9999999971,3.42432407286e+11,0.160272588313
63.999999997,3.42431264815e+11,0.168522996566
64.9999999969,3.42430122343e+11,0.151971346495
65.9999999969,3.42428979871e+11,0.204123071948
66.9999999969,3.424278374e+11,0.213668606477
67.9999999968,3.42426694928e+11,0.223475790233
68.9999999968,3.42425552456e+11,0.187079006457
69.9999999967,3.42424409985e+11,0.189491517667
70.9999999967,3.42423267513e+11,0.243675087346
71.9999999967,3.42422125041e+11,0.208086490238
72.9999999966,3.4242098257e+11,0.216007974836
73.9999999966,3.42419840098e+11,0.25813555764
74.9999999965,3.42418697627e+11,0.204877156299
75.9999999965,3.42417555155e+11,0.196181810519
76.9999999964,3.42416412683e+11,0.245905018819
77.9999999964,3.42415270212e+11,0.194551270077
78.9999999963,3.4241412774e+11,0.156937319814
79.9999999963,3.42412985268e+11,0.187299050041
80.9999999963,3.42411842797e+11,0.216840457171
81.9999999962,3.42410700325e+11,0.256744726968
82.9999999962,3.42409557853e+11,0.352197908331
83.9999999961,3.42408415382e+11,0.277251871041
