-5.0,0.243173586437
-4.00000000003,0.252077738871
-3.00000000006,0.265278295963
-2.00000000015,0.290582873393
-1.00000000017,0.259067822131
-1.99701893688e-10,0.208446392053
0.999999999741,0.236931430991
1.99999999972,0.34913968842
2.99999999966,0.240365114645
3.9999999996,0.211781104852
4.99999999961,0.182200677111
5.99999999948,0.143242559425
6.99999999949,0.208394288662
7.9999999994,0.227479468274
8.9999999994,0.18873986564
9.99999999931,0.197293729056
10.9999999993,0.186050028657
11.9999999993,0.187121321589
12.9999999992,0.169963042128
13.9999999992,0.122791045815
14.9999999991,0.129576372688
15.9999999991,0.119747704589
16.999999999,0.150436728545
17.999999999,0.252355991979
18.9999999989,0.193000784056
19.9999999989,0.0880722777692
20.9999999988,0.111977962013
21.9999999988,0.106061878778
22.9999999988,0.123977961674
23.9999999988,0.174919510748
24.9999999987,0.1755857963
25.9999999987,0.0926078715784
26.9999999986,0.144540964873
27.9999999986,0.24758547515
28.9999999985,0.604755658453
29.9999999985,0.81482848688
30.9999999984,1.2147434731
31.9999999984,1.49609450251
32.9999999984,1.7133054249
33.9999999983,1.795819561
34.9999999983,1.56689455267
35.9999999982,1.14814381348
36.9999999982,0.542932682671
37.9999999982,-0.108279176056
38.9999999981,-0.557455561589
39.999999998,-0.863159210654
40.999999998,-1.01941726147
41.999999998,-1.37826332496
42.9999999979,-1.87300008279
43.9999999979,-2.07080192259
44.9999999978,-2.21077198733
45.9999999978,-2.2214717085
46.9999999977,-2.00613003585
47.9999999977,-1.85779475747
48.9999999976,-1.77925830008
49.9999999976,-1.9293760974
50.9999999976,-2.33962231036
51.9999999975,-2.38633219246
52.9999999974,-2.33087946568
53.9999999974,-2.04335301369
54.9999999974,-1.74278730992
55.9999999974,-1.35100700893
56.9999999973,-0.852996374946
57.9999999972,-0.388059461431
58.9999999972,-0.220448030188
59.9999999972,-0.0172534989706
60.9999999971,0.098371769418
61.9999999971,0.16471568618
62.9999999971,0.160272588313
63.999999997,0.168522996566
64.9999999969,0.151971346495
65.9999999969,0.204123071948
66.9999999969,0.213668606477
67.9999999968,0.223475790233
68.9999999968,0.187079006457
69.9999999967,0.189491517667
70.9999999967,0.243675087346
71.9999999967,0.208086490238
72.9999999966,0.216007974836
73.9999999966,0.25813555764
74.9999999965,0.204877156299
75.9999999965,0.196181810519
76.9999999964,0.245905018819
77.9999999964,0.194551270077
78.9999999963,0.156937319814
79.9999999963,0.187299050041
80.9999999963,0.216840457171
81.9999999962,0.256744726968
82.9999999962,0.352197908331
83.9999999961,0.277251871041
