# Major, minor, position_angle:	0.0331347212195	0.0302428267896	89.2365264893
Velocity,Frequency,Flux Density
-5.0,3.45345528947e+11,0.282639868357
-3.99999999996,3.45344377018e+11,0.274619865086
-2.99999999992,3.45343225088e+11,0.271017667626
-1.99999999988,3.45342073159e+11,0.231597564667
-0.999999999908,3.45340921229e+11,0.30005374764
1.99701893688e-10,3.453397693e+11,0.300285400364
1.00000000021,3.45338617371e+11,0.319359442132
2.00000000025,3.45337465441e+11,0.221640236996
3.00000000026,3.45336313512e+11,0.237607307819
4.0000000003,3.45335161582e+11,0.279897565022
5.00000000034,3.45334009653e+11,0.242184842529
6.00000000035,3.45332857723e+11,0.332624643343
7.00000000042,3.45331705794e+11,0.303526090167
8.00000000046,3.45330553864e+11,0.28179354118
9.00000000053,3.45329401935e+11,0.293017386342
10.0000000005,3.45328250005e+11,0.275500578095
11.0000000006,3.45327098076e+11,0.213949067605
12.0000000006,3.45325946146e+11,0.235214372641
13.0000000006,3.45324794217e+11,0.292249004531
14.0000000007,3.45323642287e+11,0.224122952728
15.0000000007,3.45322490358e+11,0.220735290903
16.0000000008,3.45321338428e+11,0.323356998852
17.0000000008,3.45320186499e+11,0.251180333435
18.0000000008,3.45319034569e+11,0.18042176879
19.0000000009,3.4531788264e+11,0.212379949851
20.0000000009,3.4531673071e+11,0.178640940649
21.0000000009,3.45315578781e+11,0.202213164303
22.000000001,3.45314426852e+11,0.205115643555
23.000000001,3.45313274922e+11,0.198128857402
24.000000001,3.45312122993e+11,0.273926962516
25.0000000011,3.45310971063e+11,0.201317533232
26.0000000011,3.45309819134e+11,0.285781459766
27.0000000011,3.45308667204e+11,0.263999724969
28.0000000012,3.45307515275e+11,0.191396721726
29.0000000012,3.45306363345e+11,0.192057961608
30.0000000013,3.45305211416e+11,0.297477896209
31.0000000013,3.45304059486e+11,0.270092790714
32.0000000013,3.45302907557e+11,0.232655060656
33.0000000013,3.45301755627e+11,-0.129349871102
34.0000000014,3.45300603698e+11,-0.671075205086
35.0000000015,3.45299451768e+11,-2.77470448427
36.0000000015,3.45298299839e+11,-1.91024054401
37.0000000015,3.45297147909e+11,0.854205411859
38.0000000016,3.4529599598e+11,0.888464027084
39.0000000016,3.4529484405e+11,-0.222459742683
40.0000000016,3.45293692121e+11,-1.3148869304
41.0000000017,3.45292540191e+11,-1.59589715581
42.0000000017,3.45291388262e+11,-1.27011950873
43.0000000018,3.45290236332e+11,-0.33876885823
44.0000000018,3.45289084403e+11,-0.000732301850803
45.0000000019,3.45287932474e+11,0.372050169855
46.0000000019,3.45286780544e+11,0.648549631238
47.0000000019,3.45285628615e+11,0.881838518195
48.0000000019,3.45284476685e+11,0.683890227228
49.000000002,3.45283324756e+11,0.695776492823
50.000000002,3.45282172826e+11,0.487944943365
51.0000000021,3.45281020897e+11,0.382766934927
52.0000000021,3.45279868967e+11,0.398170218745
53.0000000021,3.45278717038e+11,0.290339967411
54.0000000021,3.45277565108e+11,0.191054282369
55.0000000022,3.45276413179e+11,0.327849296867
56.0000000022,3.45275261249e+11,0.237801127178
57.0000000023,3.4527410932e+11,0.34042141083
58.0000000023,3.4527295739e+11,0.381857777713
59.0000000023,3.45271805461e+11,0.353033052525
60.0000000024,3.45270653531e+11,0.349729288602
61.0000000024,3.45269501602e+11,0.280955778617
62.0000000025,3.45268349672e+11,0.306241077167
63.0000000025,3.45267197743e+11,0.25161436067
64.0000000026,3.45266045813e+11,0.128314103902
65.0000000025,3.45264893884e+11,-0.0218460542383
66.0000000026,3.45263741955e+11,0.00886716606828
67.0000000026,3.45262590025e+11,-0.01227097417
68.0000000027,3.45261438096e+11,0.0993582347146
69.0000000027,3.45260286166e+11,0.102834244753
70.0000000028,3.45259134237e+11,0.180697098316
71.0000000028,3.45257982307e+11,0.2055100707
72.0000000028,3.45256830378e+11,0.289063921155
73.0000000029,3.45255678448e+11,0.266124366641
74.0000000029,3.45254526519e+11,0.253475048419
75.0000000029,3.45253374589e+11,0.204919983591
76.000000003,3.4525222266e+11,0.218458138712
77.000000003,3.4525107073e+11,0.220587258184
78.0000000031,3.45249918801e+11,0.198888479659
79.0000000031,3.45248766871e+11,0.163088691486
80.0000000031,3.45247614942e+11,0.278274542106
81.0000000032,3.45246463012e+11,0.289898906383
82.0000000032,3.45245311083e+11,0.290702735772
83.0000000032,3.45244159153e+11,0.224734806397
84.0000000033,3.45243007224e+11,0.355289640604
