# Major, minor, position_angle:	0.0351074077442	0.0314390999102	88.5953507511
Velocity,Frequency,Flux Density
-25.0,3.3050509156e+11,-0.416543563555
-24.0,3.30503989205e+11,-0.283892617677
-22.9999999999,3.30502886851e+11,-0.0790181155317
-21.9999999998,3.30501784497e+11,0.0563873346582
-20.9999999998,3.30500682142e+11,0.0513642051774
-19.9999999998,3.30499579788e+11,0.0328645819391
-18.9999999997,3.30498477433e+11,0.15918413657
-17.9999999996,3.30497375079e+11,0.153747928576
-16.9999999996,3.30496272725e+11,0.345844756259
-15.9999999995,3.3049517037e+11,0.408992128901
-14.9999999995,3.30494068016e+11,0.473960259464
-13.9999999994,3.30492965661e+11,0.444678359665
-12.9999999993,3.30491863307e+11,0.477749434591
-11.9999999993,3.30490760953e+11,0.36504150174
-10.9999999993,3.30489658598e+11,0.315314146566
-9.99999999914,3.30488556244e+11,0.402625845025
-8.9999999991,3.3048745389e+11,0.521076053381
-7.99999999906,3.30486351535e+11,0.420138810441
-6.99999999902,3.30485249181e+11,0.379680511251
-5.99999999898,3.30484146826e+11,0.300739604543
-4.99999999887,3.30483044472e+11,0.372695137343
-3.99999999883,3.30481942118e+11,0.440182872582
-2.99999999879,3.30480839763e+11,0.369417247013
-1.99999999875,3.30479737409e+11,0.27442760019
-0.999999998643,3.30478635054e+11,0.020154769416
1.39791325582e-09,3.304775327e+11,-0.149424532225
1.00000000144,3.30476430346e+11,-0.388670177206
2.00000000148,3.30475327991e+11,-0.618663848436
3.00000000155,3.30474225637e+11,-0.753330918553
4.00000000159,3.30473123282e+11,-0.732998158783
5.00000000167,3.30472020928e+11,-0.303542227585
6.00000000168,3.30470918574e+11,-0.255703034731
7.00000000175,3.30469816219e+11,-0.0420563860098
8.00000000179,3.30468713865e+11,-0.0608188320402
9.00000000193,3.3046761151e+11,0.120535800546
10.0000000019,3.30466509156e+11,0.222018088956
11.000000002,3.30465406802e+11,0.279646854611
12.0000000021,3.30464304447e+11,0.29378542176
13.0000000021,3.30463202093e+11,0.375748325372
14.0000000022,3.30462099739e+11,0.312587929002
15.0000000022,3.30460997384e+11,0.32630924345
16.0000000023,3.3045989503e+11,0.359222608036
17.0000000023,3.30458792675e+11,0.346362345852
18.0000000024,3.30457690321e+11,0.304171001422
19.0000000024,3.30456587967e+11,0.326213525841
20.0000000025,3.30455485612e+11,0.28729350795
21.0000000026,3.30454383258e+11,0.264671805315
22.0000000027,3.30453280903e+11,0.228915749583
23.0000000027,3.30452178549e+11,0.229137978786
24.0000000027,3.30451076195e+11,0.180993619069
25.0000000028,3.3044997384e+11,0.219935967514
26.0000000028,3.30448871486e+11,0.282750464627
27.0000000029,3.30447769131e+11,0.217628742394
28.0000000029,3.30446666777e+11,0.186486418243
29.000000003,3.30445564423e+11,0.174859904335
30.0000000031,3.30444462068e+11,0.299557958919
31.0000000031,3.30443359714e+11,0.325948025402
32.0000000032,3.30442257359e+11,0.402123490814
33.0000000032,3.30441155005e+11,0.698831565678
34.0000000033,3.30440052651e+11,0.930375047959
35.0000000034,3.30438950296e+11,1.37249001674
36.0000000034,3.30437847942e+11,1.8126586359
37.0000000034,3.30436745588e+11,2.09751689434
38.0000000035,3.30435643233e+11,2.20353148878
39.0000000036,3.30434540879e+11,2.05748368055
40.0000000036,3.30433438524e+11,1.73998098448
41.0000000037,3.3043233617e+11,1.64223143272
42.0000000037,3.30431233816e+11,1.54882274196
43.0000000038,3.30430131461e+11,1.5329712145
44.0000000039,3.30429029107e+11,1.78735972196
45.0000000039,3.30427926752e+11,1.7600417193
46.0000000039,3.30426824398e+11,1.54324321263
47.000000004,3.30425722044e+11,1.02204560752
48.0000000041,3.30424619689e+11,0.313505712518
49.0000000041,3.30423517335e+11,-0.524734798877
50.0000000042,3.3042241498e+11,-1.07962270547
51.0000000042,3.30421312626e+11,-1.34698815458
52.0000000043,3.30420210272e+11,-1.21134925913
53.0000000044,3.30419107917e+11,-1.05214668531
54.0000000044,3.30418005563e+11,-0.894522167742
55.0000000044,3.30416903208e+11,-0.679715958948
56.0000000046,3.30415800854e+11,-0.3299021313
57.0000000046,3.304146985e+11,-0.30788201699
58.0000000046,3.30413596145e+11,-0.004408861103
59.0000000047,3.30412493791e+11,-0.056430459892
60.0000000048,3.30411391436e+11,0.00132784671587
61.0000000048,3.30410289082e+11,0.0445119839978
62.0000000049,3.30409186728e+11,-0.0513512673933
63.0000000049,3.30408084373e+11,-0.018799307057
64.0000000049,3.30406982019e+11,-0.0218031391778
65.000000005,3.30405879665e+11,-0.0638818082007
66.0000000051,3.3040477731e+11,-0.0584299991242
67.0000000051,3.30403674956e+11,-0.0143331361451
68.0000000052,3.30402572601e+11,0.00154791685054
69.0000000053,3.30401470247e+11,-0.0267267074778
70.0000000053,3.30400367893e+11,0.0367997090507
71.0000000054,3.30399265538e+11,0.095274430998
72.0000000054,3.30398163184e+11,0.0805506675606
73.0000000054,3.30397060829e+11,0.00660684936156
74.0000000055,3.30395958475e+11,-0.0179648128906
75.0000000056,3.30394856121e+11,0.108912674867
76.0000000057,3.30393753766e+11,0.049364151897
77.0000000057,3.30392651412e+11,-0.031515956503
78.0000000058,3.30391549057e+11,0.0449494754866
79.0000000058,3.30390446703e+11,0.0604074201765
80.0000000059,3.30389344349e+11,-0.0791428773191
81.0000000059,3.30388241994e+11,-0.0599222828569
82.000000006,3.3038713964e+11,-0.0352768469602
83.000000006,3.30386037285e+11,-0.0566164239426
84.0000000061,3.30384934931e+11,-0.0526219983421
85.0000000061,3.30383832577e+11,0.00738823620486
86.0000000062,3.30382730222e+11,-0.0530171296541
87.0000000063,3.30381627868e+11,-0.0643870355489
88.0000000063,3.30380525514e+11,-0.0223904415034
89.0000000064,3.30379423159e+11,-0.094924588524
90.0000000065,3.30378320805e+11,-0.10991122373
91.0000000065,3.3037721845e+11,-0.0882433682491
92.0000000065,3.30376116096e+11,-0.124198406003
93.0000000066,3.30375013742e+11,-0.112641265674
94.0000000066,3.30373911387e+11,-0.106129435807
