# Major, minor, position_angle:	0.0340926322329	0.0305155974825	-84.4338417294
Velocity,Frequency,Flux Density
-25.0,3.42676209737e+11,-0.0544494429487
-24.0,3.42675066788e+11,0.00832521102257
-23.0000000001,3.42673923838e+11,0.0182363452557
-22.0000000001,3.42672780889e+11,0.0115883449325
-21.0000000001,3.42671637939e+11,-0.0112353090008
-20.0000000002,3.4267049499e+11,-0.0244598044337
-19.0000000002,3.4266935204e+11,0.0131003037568
-18.0000000003,3.42668209091e+11,-0.0395197314683
-17.0000000003,3.42667066141e+11,-0.00594320855453
-16.0000000004,3.42665923192e+11,0.0627239837304
-15.0000000004,3.42664780242e+11,0.0435975307419
-14.0000000004,3.42663637293e+11,-0.0219427588827
-13.0000000005,3.42662494343e+11,0.0142683196798
-12.0000000005,3.42661351394e+11,0.000125835704239
-11.0000000006,3.42660208444e+11,-0.0304199536604
-10.0000000006,3.42659065495e+11,-0.0785707629111
-9.00000000063,3.42657922545e+11,-0.0552006804828
-8.00000000066,3.42656779596e+11,-0.0332819044033
-7.00000000075,3.42655636646e+11,-0.126720562628
-6.00000000078,3.42654493697e+11,-0.0644254020044
-5.0000000008,3.42653350747e+11,0.0131190607863
-4.00000000083,3.42652207798e+11,0.0125025920279
-3.00000000092,3.42651064848e+11,0.0391215353229
-2.00000000095,3.42649921899e+11,0.0712651622307
-1.00000000097,3.42648778949e+11,-0.0132954132068
-9.98509468442e-10,3.42647636e+11,0.000843577717205
0.999999998943,3.42646493051e+11,0.0255513697994
1.99999999892,3.42645350101e+11,0.00551388125223
2.99999999886,3.42644207152e+11,-0.0223941671884
3.99999999883,3.42643064202e+11,0.0104622685494
4.99999999881,3.42641921253e+11,0.0852999482013
5.99999999875,3.42640778303e+11,0.0789286604486
6.99999999869,3.42639635354e+11,0.0246025449669
7.99999999866,3.42638492404e+11,0.013511734287
8.9999999986,3.42637349455e+11,0.0231098990735
9.99999999858,3.42636206505e+11,0.0124696008497
10.9999999985,3.42635063556e+11,0.0180988901384
11.9999999985,3.42633920606e+11,0.0177355627857
12.9999999985,3.42632777657e+11,0.0409822918664
13.9999999984,3.42631634707e+11,0.0801807344542
14.9999999984,3.42630491758e+11,0.0213737141303
15.9999999983,3.42629348808e+11,-0.0117114782006
16.9999999983,3.42628205859e+11,0.0101354460621
17.9999999982,3.42627062909e+11,0.0766774721415
18.9999999982,3.4262591996e+11,0.0290752709207
19.9999999982,3.4262477701e+11,0.0310551589318
20.9999999981,3.42623634061e+11,0.00469640729716
21.9999999981,3.42622491111e+11,0.00557395255345
22.999999998,3.42621348162e+11,0.00127065891866
23.999999998,3.42620205212e+11,-0.00407331506358
24.999999998,3.42619062263e+11,0.0120725001871
25.9999999979,3.42617919313e+11,0.00452425722142
26.9999999979,3.42616776364e+11,-0.0276070962354
27.9999999979,3.42615633414e+11,0.00260555130671
28.9999999978,3.42614490465e+11,0.0352261050757
29.9999999978,3.42613347515e+11,0.118474650248
30.9999999977,3.42612204566e+11,0.222459689247
31.9999999977,3.42611061616e+11,0.344151572353
32.9999999976,3.42609918667e+11,0.670293404488
33.9999999976,3.42608775717e+11,0.985730602406
34.9999999975,3.42607632768e+11,1.40130061843
35.9999999975,3.42606489818e+11,1.75039830431
36.9999999975,3.42605346869e+11,1.92445996776
37.9999999974,3.4260420392e+11,1.77786547318
38.9999999974,3.4260306097e+11,1.67756598629
39.9999999973,3.42601918021e+11,1.3679751493
40.9999999973,3.42600775071e+11,0.822781329043
41.9999999972,3.42599632122e+11,0.411830624333
42.9999999972,3.42598489172e+11,0.16631938482
43.9999999972,3.42597346223e+11,-0.196618810631
44.9999999971,3.42596203273e+11,-0.439469404635
45.9999999971,3.42595060324e+11,-1.01749833068
46.9999999971,3.42593917374e+11,-1.42229485046
47.999999997,3.42592774425e+11,-1.88739809394
48.999999997,3.42591631475e+11,-2.00772216171
49.9999999969,3.42590488526e+11,-2.0787618719
50.9999999969,3.42589345576e+11,-1.70773160644
51.9999999968,3.42588202627e+11,-1.41846186761
52.9999999968,3.42587059677e+11,-1.20249600615
53.9999999968,3.42585916728e+11,-0.979223620147
54.9999999967,3.42584773778e+11,-0.535873044748
55.9999999967,3.42583630829e+11,-0.39816395333
56.9999999966,3.42582487879e+11,-0.26240219851
57.9999999966,3.4258134493e+11,-0.125867943774
58.9999999965,3.4258020198e+11,-0.0894970094487
59.9999999965,3.42579059031e+11,0.0529769831701
60.9999999964,3.42577916081e+11,0.00755808129998
61.9999999964,3.42576773132e+11,-0.0275910522614
62.9999999964,3.42575630182e+11,-0.00694823919912
63.9999999964,3.42574487233e+11,0.0408887962476
64.9999999963,3.42573344283e+11,0.038180058702
65.9999999963,3.42572201334e+11,-0.0252870491404
66.9999999962,3.42571058384e+11,0.0142999603086
67.9999999962,3.42569915435e+11,-0.0132930850486
68.9999999962,3.42568772485e+11,0.0990194867481
69.9999999961,3.42567629536e+11,0.0570933413983
70.9999999961,3.42566486586e+11,0.0938797554336
71.999999996,3.42565343637e+11,0.0340918128641
72.999999996,3.42564200687e+11,0.0691483132832
73.9999999959,3.42563057738e+11,0.0543375336663
74.9999999959,3.42561914788e+11,-0.0288173508056
75.9999999959,3.42560771839e+11,-0.0318361225472
76.9999999958,3.4255962889e+11,0.0280840254418
77.9999999958,3.4255848594e+11,0.00494292142685
78.9999999957,3.42557342991e+11,-0.00872798717683
79.9999999957,3.42556200041e+11,-0.0559210764113
80.9999999957,3.42555057092e+11,-0.0533177644247
81.9999999956,3.42553914142e+11,-0.0783282574266
82.9999999956,3.42552771193e+11,-0.0688244169505
83.9999999955,3.42551628243e+11,-0.0483282165223
84.9999999955,3.42550485294e+11,-0.0684011802632
85.9999999955,3.42549342344e+11,-0.146139908815
86.9999999954,3.42548199395e+11,0.000913228188438
87.9999999954,3.42547056445e+11,-0.0443158725093
88.9999999953,3.42545913496e+11,0.0398384417949
89.9999999953,3.42544770546e+11,0.0148714616807
90.9999999952,3.42543627597e+11,0.0338390688703
91.9999999952,3.42542484647e+11,0.0502845674127
92.9999999951,3.42541341698e+11,0.0279152083422
93.9999999951,3.42540198748e+11,-0.00195900985636
