# Major, minor, position_angle:	0.0340904765387	0.0305017408513	-84.3650467605
Velocity,Frequency,Flux Density
-25.0,3.42532944791e+11,-0.0215399185618
-24.0,3.4253180232e+11,0.0114034446087
-23.0000000001,3.42530659848e+11,0.0170686538213
-22.0000000001,3.42529517376e+11,-0.0372941223177
-21.0000000001,3.42528374905e+11,-0.0888197341956
-20.0000000002,3.42527232433e+11,0.032964748154
-19.0000000002,3.42526089961e+11,0.0182623228775
-18.0000000003,3.4252494749e+11,0.0366996267439
-17.0000000003,3.42523805018e+11,0.0552034699795
-16.0000000004,3.42522662546e+11,0.00632642156415
-15.0000000004,3.42521520075e+11,0.014227460955
-14.0000000004,3.42520377603e+11,-0.00602249735675
-13.0000000005,3.42519235131e+11,-0.0475698251803
-12.0000000006,3.4251809266e+11,-0.0817873884298
-11.0000000006,3.42516950188e+11,-0.0381316211387
-10.0000000006,3.42515807716e+11,0.066645882107
-9.0000000007,3.42514665245e+11,0.0876117327134
-8.00000000073,3.42513522773e+11,0.0246788827662
-7.00000000075,3.42512380302e+11,-0.0165378388336
-6.00000000078,3.4251123783e+11,-0.0383802996876
-5.00000000087,3.42510095358e+11,-0.0111631209511
-4.0000000009,3.42508952887e+11,-0.00177696475293
-3.00000000092,3.42507810415e+11,0.011905596014
-2.00000000101,3.42506667943e+11,0.0376921754196
-1.00000000104,3.42505525472e+11,0.00665912705063
-1.06507676634e-09,3.42504383e+11,-0.0434803003445
0.999999998876,3.42503240528e+11,-0.014513258051
1.99999999885,3.42502098057e+11,0.0981770021681
2.99999999879,3.42500955585e+11,-0.0101155685061
3.99999999877,3.42499813113e+11,-0.0382175754639
4.99999999874,3.42498670642e+11,-0.0673160006991
5.99999999868,3.4249752817e+11,-0.105792114919
6.99999999862,3.42496385698e+11,-0.0401583824496
7.9999999986,3.42495243227e+11,-0.0205911982193
8.99999999854,3.42494100755e+11,-0.0588487999921
9.99999999851,3.42492958284e+11,-0.0498129334792
10.9999999985,3.42491815812e+11,-0.0605746305755
11.9999999984,3.4249067334e+11,-0.0590213343676
12.9999999984,3.42489530869e+11,-0.0756976110133
13.9999999983,3.42488388397e+11,-0.122387604672
14.9999999983,3.42487245925e+11,-0.115120275237
15.9999999982,3.42486103454e+11,-0.12446694012
16.9999999982,3.42484960982e+11,-0.09329591188
17.9999999981,3.4248381851e+11,0.00910535354888
18.9999999981,3.42482676039e+11,-0.049767851393
19.9999999981,3.42481533567e+11,-0.154214354712
20.999999998,3.42480391095e+11,-0.12982666774
21.999999998,3.42479248624e+11,-0.13526074776
22.9999999979,3.42478106152e+11,-0.116862662613
23.9999999979,3.4247696368e+11,-0.0654391100725
24.9999999978,3.42475821209e+11,-0.0642908206755
25.9999999978,3.42474678737e+11,-0.163721579014
26.9999999977,3.42473536266e+11,-0.0971874397655
27.9999999977,3.42472393794e+11,0.0160021479242
28.9999999977,3.42471251322e+11,0.274977355977
29.9999999976,3.42470108851e+11,0.50296033785
30.9999999976,3.42468966379e+11,0.824757374416
31.9999999975,3.42467823907e+11,1.07438915782
32.9999999975,3.42466681436e+11,1.23032358242
33.9999999975,3.42465538964e+11,1.28411699715
34.9999999974,3.42464396492e+11,1.02653081438
35.9999999974,3.42463254021e+11,0.464021786116
36.9999999973,3.42462111549e+11,-0.18881395692
37.9999999973,3.42460969077e+11,-1.03602358559
38.9999999972,3.42459826606e+11,-1.76994733221
39.9999999972,3.42458684134e+11,-1.84045119706
40.9999999971,3.42457541663e+11,-2.0607419482
41.9999999971,3.42456399191e+11,-2.44390488893
42.9999999971,3.42455256719e+11,-2.90045844298
43.999999997,3.42454114248e+11,-3.02182465605
44.999999997,3.42452971776e+11,-3.106128118
45.9999999969,3.42451829304e+11,-3.06204667594
46.9999999969,3.42450686833e+11,-2.74155002274
47.9999999968,3.42449544361e+11,-2.43601634284
48.9999999968,3.42448401889e+11,-2.29907713569
49.9999999968,3.42447259418e+11,-2.40136965923
50.9999999967,3.42446116946e+11,-2.70794477314
51.9999999967,3.42444974474e+11,-2.59903186746
52.9999999966,3.42443832003e+11,-2.55990457907
53.9999999966,3.42442689531e+11,-2.26313293912
54.9999999965,3.42441547059e+11,-1.95937560685
55.9999999965,3.42440404588e+11,-1.5665920563
56.9999999964,3.42439262116e+11,-1.08107547928
57.9999999964,3.42438119645e+11,-0.670870311558
58.9999999963,3.42436977173e+11,-0.402420031722
59.9999999963,3.42435834701e+11,-0.240260011924
60.9999999962,3.4243469223e+11,-0.124152739998
61.9999999962,3.42433549758e+11,-0.0573268212756
62.9999999962,3.42432407286e+11,-0.0612879154614
63.9999999961,3.42431264815e+11,-0.052555504697
64.9999999961,3.42430122343e+11,-0.0686251517045
65.999999996,3.42428979871e+11,-0.0159914233609
66.999999996,3.424278374e+11,-0.00596388598933
67.999999996,3.42426694928e+11,0.00432530107992
68.9999999959,3.42425552456e+11,-0.0315894797604
69.9999999959,3.42424409985e+11,-0.028694965702
70.9999999958,3.42423267513e+11,0.0259706072939
71.9999999958,3.42422125041e+11,-0.00913598731131
72.9999999958,3.4242098257e+11,-0.00073249950492
73.9999999957,3.42419840098e+11,0.0418770866017
74.9999999957,3.42418697627e+11,-0.0108993119591
75.9999999956,3.42417555155e+11,-0.0191126548416
76.9999999956,3.42416412683e+11,0.031092556228
77.9999999955,3.42415270212e+11,-0.0197791893825
78.9999999954,3.4241412774e+11,-0.0569111365257
79.9999999954,3.42412985268e+11,-0.026067403498
80.9999999954,3.42411842797e+11,0.00395600662523
81.9999999954,3.42410700325e+11,0.0443422796588
82.9999999953,3.42409557853e+11,0.140277464307
83.9999999952,3.42408415382e+11,0.0658134295518
84.9999999952,3.4240727291e+11,-0.00876406184761
85.9999999952,3.42406130438e+11,0.00673940671186
86.9999999951,3.42404987967e+11,0.0307925317702
87.9999999951,3.42403845495e+11,0.00757062996126
88.9999999951,3.42402703023e+11,0.0747589819566
89.999999995,3.42401560552e+11,0.124105007679
90.999999995,3.4240041808e+11,0.0950158425489
91.9999999949,3.42399275609e+11,0.0974002970179
92.9999999949,3.42398133137e+11,0.163738091709
93.9999999949,3.42396990665e+11,0.202080948278
