-5.0,0.282639868357
-3.99999999996,0.274619865086
-2.99999999992,0.271017667626
-1.99999999988,0.231597564667
-0.999999999908,0.30005374764
1.99701893688e-10,0.300285400364
1.00000000021,0.319359442132
2.00000000025,0.221640236996
3.00000000026,0.237607307819
4.0000000003,0.279897565022
5.00000000034,0.242184842529
6.00000000035,0.332624643343
7.00000000042,0.303526090167
8.00000000046,0.28179354118
9.00000000053,0.293017386342
10.0000000005,0.275500578095
11.0000000006,0.213949067605
12.0000000006,0.235214372641
13.0000000006,0.292249004531
14.0000000007,0.224122952728
15.0000000007,0.220735290903
16.0000000008,0.323356998852
17.0000000008,0.251180333435
18.0000000008,0.18042176879
19.0000000009,0.212379949851
20.0000000009,0.178640940649
21.0000000009,0.202213164303
22.000000001,0.205115643555
23.000000001,0.198128857402
24.000000001,0.273926962516
25.0000000011,0.201317533232
26.0000000011,0.285781459766
27.0000000011,0.263999724969
28.0000000012,0.191396721726
29.0000000012,0.192057961608
30.0000000013,0.297477896209
31.0000000013,0.270092790714
32.0000000013,0.232655060656
33.0000000013,-0.129349871102
34.0000000014,-0.671075205086
35.0000000015,-2.77470448427
36.0000000015,-1.91024054401
37.0000000015,0.854205411859
38.0000000016,0.888464027084
39.0000000016,-0.222459742683
40.0000000016,-1.3148869304
41.0000000017,-1.59589715581
42.0000000017,-1.27011950873
43.0000000018,-0.33876885823
44.0000000018,-0.000732301850803
45.0000000019,0.372050169855
46.0000000019,0.648549631238
47.0000000019,0.881838518195
48.0000000019,0.683890227228
49.000000002,0.695776492823
50.000000002,0.487944943365
51.0000000021,0.382766934927
52.0000000021,0.398170218745
53.0000000021,0.290339967411
54.0000000021,0.191054282369
55.0000000022,0.327849296867
56.0000000022,0.237801127178
57.0000000023,0.34042141083
58.0000000023,0.381857777713
59.0000000023,0.353033052525
60.0000000024,0.349729288602
61.0000000024,0.280955778617
62.0000000025,0.306241077167
63.0000000025,0.25161436067
64.0000000026,0.128314103902
65.0000000025,-0.0218460542383
66.0000000026,0.00886716606828
67.0000000026,-0.01227097417
68.0000000027,0.0993582347146
69.0000000027,0.102834244753
70.0000000028,0.180697098316
71.0000000028,0.2055100707
72.0000000028,0.289063921155
73.0000000029,0.266124366641
74.0000000029,0.253475048419
75.0000000029,0.204919983591
76.000000003,0.218458138712
77.000000003,0.220587258184
78.0000000031,0.198888479659
79.0000000031,0.163088691486
80.0000000031,0.278274542106
81.0000000032,0.289898906383
82.0000000032,0.290702735772
83.0000000032,0.224734806397
84.0000000033,0.355289640604
