-5.0,0.162164276541
-3.99999999996,1.28432535716
-2.99999999992,1.30752633829
-1.99999999988,1.13900152152
-0.999999999841,1.19180045798
1.99701893688e-10,0.637582063246
1.00000000024,0.564300768761
2.00000000028,0.565816947285
3.00000000032,0.0844337155174
4.00000000036,0.657521731914
5.0000000004,0.49363631555
6.00000000048,0.718953959884
7.00000000049,0.590509087347
8.00000000053,0.885323035364
9.0000000006,0.992415623191
10.0000000006,0.917062058073
11.0000000007,1.50778428495
12.0000000007,1.14884649159
13.0000000008,0.84405343807
14.0000000008,0.423316574157
15.0000000008,1.14358686519
16.0000000009,1.47923199774
17.0000000009,1.08997139236
18.000000001,0.504095182604
19.000000001,0.557140111697
20.0000000011,0.755228271166
21.0000000011,1.33497558439
22.0000000011,1.27761712486
23.0000000012,1.68759281345
24.0000000012,1.96828196802
25.0000000013,2.00571043687
26.0000000013,2.08430371629
27.0000000013,2.34060405608
28.0000000014,3.31781047117
29.0000000014,4.2306009099
30.0000000015,5.69596140117
31.0000000015,8.34994478128
32.0000000015,13.0632661427
33.0000000015,18.0468435624
34.0000000016,21.8114357794
35.0000000017,15.9679978758
36.0000000017,20.6656877292
37.0000000017,35.170965294
38.0000000018,36.239519437
39.0000000018,37.9926132594
40.0000000019,42.046710466
41.0000000019,45.819904752
42.000000002,47.2639337192
43.000000002,45.513857389
44.000000002,39.4492187472
45.0000000021,33.901016343
46.0000000021,27.7494781213
47.0000000022,19.3592417939
48.0000000022,12.751233145
49.0000000022,8.34439474206
50.0000000023,4.44036552642
51.0000000023,3.12214623284
52.0000000023,1.68079139632
53.0000000024,2.05942094958
54.0000000024,1.32572501338
55.0000000024,1.31283933913
56.0000000026,1.28230504544
57.0000000026,0.998004186201
58.0000000026,0.793539793969
59.0000000027,0.714795911853
60.0000000027,1.14595922719
61.0000000028,1.42906529608
62.0000000028,1.77745537568
63.0000000028,1.65871638538
64.0000000029,0.776521770524
65.0000000029,0.959643470125
66.000000003,1.41825556404
67.000000003,1.27958987093
68.000000003,1.35601621883
69.0000000031,1.96090369174
70.0000000031,2.07505384443
71.0000000032,2.07023521221
72.0000000032,2.70276331541
73.0000000033,2.91059860014
74.0000000033,1.58962065082
75.0000000033,1.90342216204
76.0000000034,1.87919085312
77.0000000034,1.62624146865
78.0000000035,0.891186219746
79.0000000035,0.324554517129
80.0000000035,-0.00266809029927
81.0000000036,0.400533962825
82.0000000036,0.829775656178
83.0000000036,1.06740082199
84.0000000037,0.630544485997
