# Major, minor, position_angle:	0.0350535490649	0.0314712199227	88.5151223741
Velocity,Frequency,Flux Density
-25.0,3.31151342747e+11,-0.101031249156
-24.0,3.31150238237e+11,-0.0970902341505
-23.0000000001,3.31149133727e+11,0.101582529486
-22.0000000002,3.31148029217e+11,0.04448698958
-21.0000000002,3.31146924707e+11,0.0530986685517
-20.0000000002,3.31145820197e+11,0.0625876456834
-19.0000000003,3.31144715688e+11,-0.0291944007013
-18.0000000003,3.31143611178e+11,-0.0336850607709
-17.0000000004,3.31142506668e+11,0.00932605792696
-16.0000000005,3.31141402158e+11,0.162384066427
-15.0000000005,3.31140297648e+11,-0.0114528764952
-14.0000000006,3.31139193138e+11,0.0698960734808
-13.0000000006,3.31138088628e+11,0.0638293293741
-12.0000000007,3.31136984118e+11,0.0899766623334
-11.0000000007,3.31135879609e+11,0.036449920648
-10.0000000008,3.31134775099e+11,-0.0400127838038
-9.00000000083,3.31133670589e+11,-0.0998694616719
-8.00000000093,3.31132566079e+11,-0.0646172405659
-7.00000000095,3.31131461569e+11,-0.20656956546
-6.00000000098,3.31130357059e+11,-0.0275352234767
-5.00000000107,3.31129252549e+11,-0.0523519985873
-4.0000000011,3.31128148039e+11,-0.00824555778763
-3.00000000119,3.3112704353e+11,0.0708269608149
-2.00000000121,3.3112593902e+11,0.0630118325789
-1.00000000124,3.3112483451e+11,0.152248776227
-1.33134595792e-09,3.3112373e+11,0.0555296358034
0.99999999861,3.3112262549e+11,0.208597081364
1.99999999855,3.3112152098e+11,0.362950154347
2.99999999853,3.3112041647e+11,0.569949536584
3.99999999847,3.31119311961e+11,0.909736166708
4.99999999841,3.31118207451e+11,1.28180472739
5.99999999835,3.31117102941e+11,1.58472055197
6.99999999829,3.31115998431e+11,1.51931062527
7.9999999982,3.31114893921e+11,1.38950142637
8.9999999982,3.31113789411e+11,0.992832296528
9.99999999815,3.31112684901e+11,0.68414903339
10.9999999981,3.31111580391e+11,0.545144061558
11.999999998,3.31110475882e+11,0.434341459535
12.999999998,3.31109371372e+11,0.40066940058
13.9999999979,3.31108266862e+11,0.216421620804
14.9999999979,3.31107162352e+11,-0.0654194666859
15.9999999978,3.31106057842e+11,-0.133613593294
16.9999999978,3.31104953332e+11,-0.438073796919
17.9999999977,3.31103848822e+11,-0.658078763634
18.9999999976,3.31102744312e+11,-0.751024818048
19.9999999976,3.31101639803e+11,-0.818656896241
20.9999999975,3.31100535293e+11,-0.737700917758
21.9999999975,3.31099430783e+11,-0.731317765079
22.9999999974,3.31098326273e+11,-0.590711298864
23.9999999974,3.31097221763e+11,-0.337080376921
24.9999999973,3.31096117253e+11,-0.279771455738
25.9999999973,3.31095012743e+11,-0.0520441376793
26.9999999972,3.31093908233e+11,-0.00766199863938
27.9999999972,3.31092803724e+11,0.0906449164377
28.9999999971,3.31091699214e+11,0.256617320934
29.9999999971,3.31090594704e+11,0.499348179437
30.999999997,3.31089490194e+11,0.630499347579
31.9999999969,3.31088385684e+11,0.857405196875
32.9999999969,3.31087281174e+11,1.2294392921
33.9999999968,3.31086176664e+11,1.60198228993
34.9999999968,3.31085072154e+11,2.00915985554
35.9999999967,3.31083967645e+11,2.03154752776
36.9999999967,3.31082863135e+11,2.09058903158
37.9999999966,3.31081758625e+11,1.8409140408
38.9999999966,3.31080654115e+11,1.37208586652
39.9999999965,3.31079549605e+11,1.11110340338
40.9999999965,3.31078445095e+11,0.698871971574
41.9999999964,3.31077340585e+11,0.440830505628
42.9999999964,3.31076236075e+11,-0.393212143797
43.9999999963,3.31075131566e+11,-0.806105638825
44.9999999963,3.31074027056e+11,-1.47460079333
45.9999999962,3.31072922546e+11,-1.80482493993
46.9999999961,3.31071818036e+11,-2.35574716702
47.9999999961,3.31070713526e+11,-2.65701103769
48.999999996,3.31069609016e+11,-2.84886675142
49.999999996,3.31068504506e+11,-2.86648123339
50.9999999959,3.31067399996e+11,-2.58119566552
51.9999999959,3.31066295487e+11,-2.0995607581
52.9999999958,3.31065190977e+11,-1.37237901241
53.9999999958,3.31064086467e+11,-1.07823124062
54.9999999957,3.31062981957e+11,-0.506190557498
55.9999999957,3.31061877447e+11,-0.4970314987
56.9999999956,3.31060772937e+11,-0.0968339909891
57.9999999955,3.31059668427e+11,-0.12013335956
58.9999999955,3.31058563917e+11,-0.0449748793835
59.9999999955,3.31057459408e+11,0.0596912265173
60.9999999954,3.31056354898e+11,0.0936332393376
61.9999999953,3.31055250388e+11,-0.0963471521391
62.9999999953,3.31054145878e+11,-0.0860655283705
63.9999999952,3.31053041368e+11,-0.0533020424398
64.9999999951,3.31051936858e+11,0.000540467491078
65.9999999951,3.31050832348e+11,-0.0122605994475
66.9999999951,3.31049727838e+11,0.0366518640112
67.999999995,3.31048623329e+11,-0.0315781929603
68.999999995,3.31047518819e+11,-0.0697358490797
69.9999999949,3.31046414309e+11,-0.0898880850764
70.9999999948,3.31045309799e+11,0.0682418333436
71.9999999948,3.31044205289e+11,0.0909929040645
72.9999999947,3.31043100779e+11,0.0226465954756
73.9999999947,3.31041996269e+11,0.0263191759659
74.9999999946,3.31040891759e+11,-0.0667433725175
75.9999999946,3.3103978725e+11,-0.117039490834
76.9999999945,3.3103868274e+11,0.0374320504343
77.9999999945,3.3103757823e+11,0.0227332032955
78.9999999944,3.3103647372e+11,-0.0110868993797
79.9999999944,3.3103536921e+11,-0.011353558506
80.9999999943,3.310342647e+11,0.0299625649932
81.9999999943,3.3103316019e+11,-0.0279453586572
82.9999999942,3.3103205568e+11,0.0285761519881
83.9999999941,3.31030951171e+11,0.08861907135
84.9999999941,3.31029846661e+11,0.0239331446355
85.999999994,3.31028742151e+11,0.0198121791623
86.999999994,3.31027637641e+11,0.0108372607545
87.9999999939,3.31026533131e+11,0.00408135840189
88.9999999939,3.31025428621e+11,0.0317639630248
89.9999999938,3.31024324111e+11,0.03969723513
90.9999999938,3.31023219601e+11,0.0592660099728
91.9999999937,3.31022115092e+11,0.115337428942
92.9999999936,3.31021010582e+11,0.00645410648031
93.9999999936,3.31019906072e+11,-0.0235928316761
