#title: Spectral profile - WHyaB7_spw1.clean.image-raster
#region (world): Ellipse[[13:49:01.941, -28d22m04.727], [13:49:01.922, -28d22m04.477]]
#region (pixel): Ellipse[[229, 221], [279, 271]]
#coordinate: world
#xLabel: frequency [GHz]
#yLabel: [Jy] Flux Density

# WHyaB7_spw1.clean.image-raster
3.420178222656e+02 4.262787103653e-02
3.420187988281e+02 3.253031149507e-02
3.420197753906e+02 2.958030812442e-02
3.420207519531e+02 2.261307649314e-02
3.420217285156e+02 2.744757197797e-02
3.420227050781e+02 2.283107675612e-02
3.420236816406e+02 1.853404752910e-02
3.420246582031e+02 8.520507253706e-03
3.420256347656e+02 1.422770321369e-02
3.420266113281e+02 1.861392892897e-02
3.420275878906e+02 2.711236849427e-02
3.420285644531e+02 1.168682891876e-02
3.420295410156e+02 2.321793884039e-02
3.420305175781e+02 4.792761988938e-03
3.420314941406e+02 8.686006069183e-03
3.420324707031e+02 1.657593809068e-02
3.420334472656e+02 2.607168816030e-02
3.420344238281e+02 2.362401224673e-02
3.420354003906e+02 1.951288618147e-02
3.420363769531e+02 1.620224863291e-02
3.420373535156e+02 2.136140875518e-02
3.420383300781e+02 2.075681090355e-02
3.420393066406e+02 3.527121990919e-02
3.420402832031e+02 1.992464996874e-02
3.420412597656e+02 2.212014421821e-02
3.420422363281e+02 1.651304960251e-02
3.420432128906e+02 2.799917198718e-02
3.420441894531e+02 1.696594431996e-02
3.420451660156e+02 2.806681022048e-02
3.420461425781e+02 4.306771606207e-02
3.420471191406e+02 3.340908885002e-02
3.420480957031e+02 4.158926382661e-02
3.420490722656e+02 4.485866799951e-02
3.420500488281e+02 3.309550508857e-02
3.420510253906e+02 1.399002503604e-02
3.420520019531e+02 1.777735538781e-02
3.420529785156e+02 1.656934246421e-02
3.420539550781e+02 2.450291439891e-02
3.420549316406e+02 2.469507232308e-02
3.420559082031e+02 2.505518496037e-02
3.420568847656e+02 1.463014353067e-02
3.420578613281e+02 1.016635540873e-02
3.420588378906e+02 1.958681270480e-02
3.420598144531e+02 1.687104254961e-02
3.420607910156e+02 1.457817386836e-02
3.420617675781e+02 1.565992459655e-02
3.420627441406e+02 3.975329454988e-03
3.420637207031e+02 1.475730445236e-02
3.420646667480e+02 1.986324973404e-02
3.420656433105e+02 1.936565153301e-02
3.420666198730e+02 3.559717535973e-02
3.420675964355e+02 2.793142944574e-02
3.420685729980e+02 1.904776692390e-02
3.420695495605e+02 1.650430262089e-02
3.420705261230e+02 1.198815088719e-02
3.420715026855e+02 1.688306219876e-02
3.420724792480e+02 2.842116914690e-02
3.420734558105e+02 3.696035966277e-02
3.420744323730e+02 4.329503700137e-02
3.420754089355e+02 2.541136369109e-02
3.420763854980e+02 3.513918444514e-02
3.420773620605e+02 4.763137921691e-02
3.420783386230e+02 4.955136030912e-02
3.420793151855e+02 5.169998854399e-02
3.420802917480e+02 4.452793300152e-02
3.420812683105e+02 5.028533563018e-02
3.420822448730e+02 4.543763771653e-02
3.420832214355e+02 5.731637030840e-02
3.420841979980e+02 7.004614919424e-02
3.420851745605e+02 7.075116783381e-02
3.420861511230e+02 6.310138851404e-02
3.420871276855e+02 4.283585399389e-02
3.420881042480e+02 4.037787020206e-02
3.420890808105e+02 2.520076930523e-02
3.420900573730e+02 1.862756721675e-02
3.420910339355e+02 1.491373125464e-02
3.420920104980e+02 -2.183308533859e-04
3.420929870605e+02 4.663334693760e-03
3.420939636230e+02 1.038689073175e-02
3.420949401855e+02 2.223708108068e-02
3.420959167480e+02 1.673542708158e-02
3.420968933105e+02 2.985149808228e-02
3.420978698730e+02 2.779406495392e-02
3.420988464355e+02 3.356173262000e-02
3.420998229980e+02 3.734730556607e-02
3.421007995605e+02 3.601710498333e-02
3.421017761230e+02 2.040862664580e-02
3.421027526855e+02 1.752837002277e-02
3.421037292480e+02 2.196946553886e-02
3.421047058105e+02 1.304963603616e-02
3.421056823730e+02 3.126038983464e-02
3.421066589355e+02 3.873693943024e-02
3.421076354980e+02 2.972168847919e-02
3.421086120605e+02 3.863921016455e-02
3.421095886230e+02 3.103832527995e-02
3.421105651855e+02 1.856853812933e-02
3.421115417480e+02 2.460376173258e-02
3.421125183105e+02 9.157959371805e-03
3.421134948730e+02 7.406888063997e-03
3.421144714355e+02 2.599338442087e-02
3.421154479980e+02 1.317004580051e-02
3.421164245605e+02 1.710110530257e-02
3.421174011230e+02 2.948097698390e-02
3.421183776855e+02 2.099276892841e-02
3.421193542480e+02 1.446940936148e-02
3.421203308105e+02 2.940965443850e-02
3.421213073730e+02 2.532759495080e-02
3.421222839355e+02 2.051559090614e-02
3.421232604980e+02 2.254054322839e-02
3.421242370605e+02 2.937188185751e-02
3.421252136230e+02 7.616921793669e-03
3.421261901855e+02 1.979256421328e-02
3.421271667480e+02 2.594303339720e-02
3.421281433105e+02 2.164224162698e-02
3.421291198730e+02 1.821241714060e-02
3.421300964355e+02 2.875958196819e-02
3.421310729980e+02 1.430930010974e-02
3.421320495605e+02 6.821366958320e-03
3.421330261230e+02 8.292643353343e-03
3.421340026855e+02 2.906686626375e-02
3.421349792480e+02 2.201238274574e-02
3.421359558105e+02 1.851406693459e-02
3.421369323730e+02 1.187055092305e-02
3.421379089355e+02 1.884265989065e-02
3.421388854980e+02 2.088082209229e-02
3.421398620605e+02 2.235889248550e-02
3.421408386230e+02 1.803929544985e-02
3.421418151855e+02 9.543704800308e-03
3.421427917480e+02 1.699257828295e-02
3.421437683105e+02 2.356297336519e-02
3.421447448730e+02 1.569355092943e-02
3.421457214355e+02 2.097591757774e-02
3.421466979980e+02 2.370357327163e-02
3.421476745605e+02 2.233512140810e-02
3.421486511230e+02 2.371108718216e-02
3.421496276855e+02 1.680892519653e-02
3.421506042480e+02 1.732490956783e-02
3.421515808105e+02 1.460598409176e-02
3.421525573730e+02 1.636275090277e-02
3.421535339355e+02 2.782999537885e-02
3.421545104980e+02 2.301611192524e-02
3.421554870605e+02 2.196964994073e-02
3.421564636230e+02 2.980303950608e-02
3.421574401855e+02 2.296200580895e-02
3.421584167480e+02 2.095443755388e-02
3.421593933105e+02 2.516148611903e-02
3.421603698730e+02 2.736206911504e-02
3.421613464355e+02 3.680035099387e-02
3.421623229980e+02 3.130348771811e-02
3.421632995605e+02 3.199708461761e-02
3.421642761230e+02 3.689642995596e-02
3.421652526855e+02 4.586263000965e-02
3.421662292480e+02 4.749828577042e-02
3.421672058105e+02 4.720157384872e-02
3.421681823730e+02 4.924025386572e-02
3.421691589355e+02 5.466654151678e-02
3.421701354980e+02 4.184148088098e-02
3.421711120605e+02 4.023023694754e-02
3.421720886230e+02 6.810808181763e-02
3.421730651855e+02 4.955750331283e-02
3.421740417480e+02 3.447160497308e-02
3.421750183105e+02 2.795461565256e-02
3.421759948730e+02 2.129867672920e-02
3.421769714355e+02 4.545563459396e-02
3.421779479980e+02 3.565508872271e-02
3.421789245605e+02 3.983710706234e-02
3.421799011230e+02 4.069849476218e-02
3.421808776855e+02 5.034640431404e-02
3.421818542480e+02 7.396048307419e-02
3.421828308105e+02 7.855052500963e-02
3.421838073730e+02 9.628295898438e-02
3.421847839355e+02 8.724877238274e-02
3.421857604980e+02 9.756081551313e-02
3.421867370605e+02 1.161857694387e-01
3.421877136230e+02 1.027861908078e-01
3.421886901855e+02 1.092062294483e-01
3.421896667480e+02 1.000830382109e-01
3.421906433105e+02 7.706110179424e-02
3.421916198730e+02 7.281819730997e-02
3.421925964355e+02 1.006786972284e-01
3.421935729980e+02 9.559059888124e-02
3.421945495605e+02 9.957390278578e-02
3.421955261230e+02 7.205981016159e-02
3.421965026855e+02 7.360394299030e-02
3.421974792480e+02 5.600422248244e-02
3.421984558105e+02 4.886611551046e-02
3.421994323730e+02 4.825413227081e-02
3.422004089355e+02 3.141741827130e-02
3.422013854980e+02 2.275694161654e-02
3.422023620605e+02 1.938488520682e-02
3.422033386230e+02 1.548626553267e-02
3.422043151855e+02 8.685756474733e-04
3.422052917480e+02 1.475387159735e-02
3.422062683105e+02 2.283038757741e-02
3.422072448730e+02 8.738307282329e-03
3.422082214355e+02 1.531078480184e-02
3.422091979980e+02 2.482965029776e-02
3.422101745605e+02 1.227306388319e-02
3.422111511230e+02 1.173064671457e-02
3.422121276855e+02 3.458685800433e-02
3.422131042480e+02 1.888776198030e-02
3.422140808105e+02 8.361615240574e-03
3.422150573730e+02 1.611411757767e-02
3.422160339355e+02 7.711984682828e-03
3.422170104980e+02 2.398755028844e-02
3.422179870605e+02 3.067696467042e-02
3.422189636230e+02 1.663668267429e-02
3.422199401855e+02 1.251275092363e-02
3.422209167480e+02 9.534726850688e-03
3.422218933105e+02 1.290620770305e-02
3.422228698730e+02 -5.711020901799e-03
3.422238464355e+02 -8.456221781671e-03
3.422248229980e+02 -1.041384413838e-02
3.422257995605e+02 -4.512062761933e-03
3.422267761230e+02 -3.808448789641e-03
3.422277526855e+02 -7.467549294233e-03
3.422287292480e+02 1.439733779989e-03
3.422297058105e+02 6.079378072172e-03
3.422306823730e+02 6.585917901248e-03
3.422316589355e+02 2.364415116608e-02
3.422326354980e+02 1.920151151717e-02
3.422336120605e+02 9.989610873163e-03
3.422345886230e+02 1.709710247815e-02
3.422355651855e+02 2.877512387931e-02
3.422365417480e+02 4.644932970405e-02
3.422375183105e+02 5.410683527589e-02
3.422384948730e+02 3.617973625660e-02
3.422394714355e+02 2.923675999045e-02
3.422404479980e+02 2.726310491562e-02
3.422414245605e+02 4.519490152597e-02
3.422424011230e+02 3.293841332197e-02
3.422433776855e+02 1.972710154951e-02
3.422443542480e+02 2.527710422873e-02
3.422453308105e+02 1.864901930094e-02
3.422463073730e+02 1.528820209205e-02
3.422472839355e+02 6.970004644245e-03
3.422482604980e+02 2.157141454518e-03
3.422492370605e+02 1.025962363929e-02
3.422502136230e+02 8.571619982831e-04
3.422511901855e+02 -1.018159743398e-02
3.422521667480e+02 -1.113655790687e-02
3.422531433105e+02 -1.111693121493e-02
3.422541198730e+02 -1.438022125512e-02
3.422550964355e+02 -1.062566135079e-02
3.422560729980e+02 2.228981582448e-03
3.422570495605e+02 1.910861767828e-02
3.422580261230e+02 1.096826419234e-02
3.422590026855e+02 1.409788709134e-02
3.422599792480e+02 2.076552249491e-02
3.422609558105e+02 2.621569670737e-02
3.422619323730e+02 2.142406627536e-02
3.422629089355e+02 1.921386830509e-02
3.422638854980e+02 2.995170839131e-02
3.422648620605e+02 2.958106435835e-02
3.422658386230e+02 3.533356264234e-02
3.422668151855e+02 2.897602133453e-02
3.422677917480e+02 1.742585934699e-02
3.422687683105e+02 2.357526496053e-02
3.422697448730e+02 2.083914726973e-02
3.422707214355e+02 2.049819007516e-02
3.422716979980e+02 2.004997059703e-02
3.422726745605e+02 3.763470053673e-02
3.422736511230e+02 3.569107130170e-02
3.422746276855e+02 1.164995320141e-02
3.422756042480e+02 2.821817435324e-02
3.422765808105e+02 3.786067292094e-02
3.422775573730e+02 3.586838021874e-02
3.422785339355e+02 4.601631313562e-02
3.422795104980e+02 4.406535997987e-02
3.422804870605e+02 5.720589309931e-02
3.422814636230e+02 6.756897270679e-02
3.422824401855e+02 5.287305265665e-02
3.422834167480e+02 4.598588123918e-02
3.422843933105e+02 5.975411832333e-02
3.422853698730e+02 4.983345046639e-02
3.422863464355e+02 3.880973532796e-02
3.422873229980e+02 5.467731505632e-02
3.422882995605e+02 5.964439734817e-02
3.422892761230e+02 5.499782413244e-02
3.422902526855e+02 3.458542004228e-02
3.422912292480e+02 2.489621378481e-02
3.422922058105e+02 3.730803728104e-02
3.422931823730e+02 4.293919354677e-02
3.422941589355e+02 3.594673797488e-02
3.422951354980e+02 3.082675300539e-02
3.422961120605e+02 2.670995891094e-02
3.422970886230e+02 1.959624141455e-02
3.422980651855e+02 2.981514856219e-02
3.422990417480e+02 3.936430439353e-02
3.423000183105e+02 2.848286740482e-02
3.423009948730e+02 2.374187111855e-02
3.423019714355e+02 2.376444451511e-02
3.423029479980e+02 3.418860211968e-02
3.423039245605e+02 2.599174715579e-02
3.423049011230e+02 2.576033584774e-02
3.423058776855e+02 1.910809800029e-02
3.423068542480e+02 2.043605968356e-02
3.423078308105e+02 1.473797205836e-02
3.423088073730e+02 1.284183748066e-02
3.423097839355e+02 1.931001059711e-02
3.423107604980e+02 2.251179516315e-02
3.423117370605e+02 2.615398168564e-02
3.423127136230e+02 5.719756707549e-03
3.423136901855e+02 1.882864721119e-02
3.423146667480e+02 3.522156178951e-02
3.423156433105e+02 2.826545760036e-02
3.423166198730e+02 1.425470598042e-02
3.423175964355e+02 1.232621818781e-02
3.423185729980e+02 3.255411237478e-02
3.423195495605e+02 6.733278278261e-03
3.423205261230e+02 4.971174057573e-03
3.423215026855e+02 2.170722000301e-02
3.423224792480e+02 2.445718087256e-02
3.423234558105e+02 2.960931323469e-02
3.423244323730e+02 1.036015804857e-02
3.423254089355e+02 1.076449640095e-02
3.423263854980e+02 6.030421238393e-03
3.423273620605e+02 1.210468541831e-02
3.423283386230e+02 1.044147741050e-02
3.423293151855e+02 1.799440756440e-02
3.423302917480e+02 1.841751672328e-02
3.423312683105e+02 2.044229209423e-02
3.423322448730e+02 1.898092404008e-02
3.423332214355e+02 4.340502992272e-02
3.423341979980e+02 5.524130538106e-02
3.423351745605e+02 5.242275819182e-02
3.423361511230e+02 4.171764850616e-02
3.423371276855e+02 2.625846862793e-02
3.423381042480e+02 3.437659144402e-02
3.423390808105e+02 5.239766836166e-02
3.423400573730e+02 5.044323578477e-02
3.423410339355e+02 3.804373368621e-02
3.423420104980e+02 3.812308982015e-02
3.423429870605e+02 4.601369053125e-02
3.423439636230e+02 2.952159754932e-02
3.423449401855e+02 3.567977622151e-02
3.423459167480e+02 4.095295816660e-02
3.423468933105e+02 4.731775075197e-02
3.423478698730e+02 3.999797999859e-02
3.423488464355e+02 2.806035056710e-02
3.423498229980e+02 1.769548095763e-02
3.423507995605e+02 1.675082184374e-02
3.423517761230e+02 2.144514955580e-02
3.423527526855e+02 2.838852815330e-02
3.423537292480e+02 2.078570611775e-02
3.423547058105e+02 1.647575758398e-02
3.423556823730e+02 3.215309605002e-02
3.423566589355e+02 -1.425490132533e-03
3.423576354980e+02 1.490674726665e-02
3.423586120605e+02 8.328015916049e-03
3.423595886230e+02 6.356742698699e-03
3.423605651855e+02 1.152724213898e-02
3.423615417480e+02 1.687197759748e-02
3.423625183105e+02 1.671102084219e-02
3.423634948730e+02 1.655344851315e-02
3.423644714355e+02 2.239476144314e-02
3.423654479980e+02 1.173797436059e-02
3.423664245605e+02 9.937172755599e-03
3.423674011230e+02 8.144873194396e-03
3.423683776855e+02 3.487799083814e-03
3.423693542480e+02 3.339001163840e-02
3.423703308105e+02 1.905933395028e-02
3.423713073730e+02 1.161222532392e-02
3.423722839355e+02 2.556330524385e-02
3.423732604980e+02 1.886787079275e-02
3.423742370605e+02 1.967149320990e-03
3.423752136230e+02 1.667948253453e-02
3.423761901855e+02 1.446124259382e-02
3.423771667480e+02 9.017178788781e-03
3.423781433105e+02 2.378337085247e-03
3.423791198730e+02 4.515031352639e-03
3.423800964355e+02 2.292489632964e-02
3.423810729980e+02 3.650941699743e-02
3.423820495605e+02 4.790443554521e-02
3.423830261230e+02 7.867578417063e-02
3.423840026855e+02 1.064810082316e-01
3.423849792480e+02 1.241251155734e-01
3.423859558105e+02 1.603008657694e-01
3.423869323730e+02 1.965575069189e-01
3.423879089355e+02 2.154494822025e-01
3.423888854980e+02 2.317574918270e-01
3.423898620605e+02 2.575524151325e-01
3.423908386230e+02 2.551079094410e-01
3.423918151855e+02 2.448017001152e-01
3.423927917480e+02 1.959274709225e-01
3.423937683105e+02 1.473189294338e-01
3.423947448730e+02 1.109770387411e-01
3.423957214355e+02 8.876135945320e-02
3.423966979980e+02 6.492956727743e-02
3.423976745605e+02 4.131483659148e-02
3.423986511230e+02 3.107540495694e-02
3.423996276855e+02 3.642721846700e-02
3.424006042480e+02 2.865632623434e-02
3.424015808105e+02 3.045199438930e-02
3.424025573730e+02 3.449361398816e-02
3.424035339355e+02 3.380688652396e-02
3.424045104980e+02 2.769042924047e-02
3.424054870605e+02 2.546958439052e-02
3.424064636230e+02 2.505065873265e-02
3.424074401855e+02 1.791224256158e-02
3.424084167480e+02 2.070623636246e-02
3.424093933105e+02 2.957551553845e-02
3.424103698730e+02 1.736360229552e-02
3.424113464355e+02 1.579805836082e-02
3.424123229980e+02 1.845227181911e-02
3.424132995605e+02 2.019770629704e-02
3.424142761230e+02 2.078818157315e-02
3.424152526855e+02 2.255282737315e-02
3.424162292480e+02 2.427935600281e-02
3.424172058105e+02 2.210477180779e-02
3.424181823730e+02 3.128567337990e-02
3.424191589355e+02 1.890037953854e-02
3.424201354980e+02 1.567138731480e-02
3.424211120605e+02 2.410280331969e-02
3.424220886230e+02 3.129854053259e-02
3.424230651855e+02 2.675212360919e-02
3.424240417480e+02 2.748719789088e-02
3.424250183105e+02 3.551933169365e-02
3.424259948730e+02 1.489721052349e-02
3.424269714355e+02 2.361632883549e-02
3.424279479980e+02 2.794572524726e-02
3.424289245605e+02 2.398070879281e-02
3.424299011230e+02 2.180758677423e-02
3.424308776855e+02 1.659937761724e-02
3.424318542480e+02 1.595782302320e-02
3.424328308105e+02 2.141076885164e-02
3.424338073730e+02 2.485039271414e-02
3.424347839355e+02 -1.349432975985e-03
3.424357604980e+02 -4.788265563548e-03
3.424367370605e+02 -3.809933317825e-03
3.424377136230e+02 -1.648956723511e-02
3.424386901855e+02 -3.497471660376e-02
3.424396667480e+02 -5.718477070332e-02
3.424406433105e+02 -9.896335005760e-02
3.424416198730e+02 -9.677580744028e-02
3.424425964355e+02 -8.985436707735e-02
3.424435729980e+02 -9.616973996162e-02
3.424445495605e+02 -8.173365890980e-02
3.424455261230e+02 -4.474768787622e-02
3.424465026855e+02 3.188619390130e-02
3.424474792480e+02 1.436474174261e-01
3.424484558105e+02 2.410770356655e-01
3.424494323730e+02 3.246024549007e-01
3.424504089355e+02 3.955095112324e-01
3.424513854980e+02 4.288760125637e-01
3.424523620605e+02 5.063700675964e-01
3.424533386230e+02 5.802835226059e-01
3.424543151855e+02 6.844419240952e-01
3.424552917480e+02 8.047080636024e-01
3.424562683105e+02 9.250789880753e-01
3.424572448730e+02 1.014724016190e+00
3.424582214355e+02 1.025950551033e+00
3.424591979980e+02 9.817150831223e-01
3.424601745605e+02 9.207105636597e-01
3.424611511230e+02 8.373056054115e-01
3.424621276855e+02 7.451973557472e-01
3.424631042480e+02 6.774317026138e-01
3.424640808105e+02 6.101692318916e-01
3.424650573730e+02 5.508549213409e-01
3.424660339355e+02 4.962331950665e-01
3.424670104980e+02 4.244227111340e-01
3.424679870605e+02 3.411195874214e-01
3.424689636230e+02 2.836465239525e-01
3.424699401855e+02 2.166465520859e-01
3.424709167480e+02 1.498723775148e-01
3.424718933105e+02 1.051562502980e-01
3.424728698730e+02 6.200294941664e-02
3.424738464355e+02 3.360193222761e-02
3.424748229980e+02 3.198819607496e-02
3.424757995605e+02 2.387574315071e-02
3.424767761230e+02 5.344918463379e-03
3.424777526855e+02 1.297560986131e-02
3.424787292480e+02 2.111104503274e-02
3.424797058105e+02 1.009908388369e-03
3.424806823730e+02 1.121717784554e-02
3.424816589355e+02 2.004776615649e-03
3.424826354980e+02 1.036153919995e-02
3.424836120605e+02 1.317816227674e-02
3.424845886230e+02 5.332111380994e-03
3.424855651855e+02 1.693171076477e-02
3.424865417480e+02 1.182698458433e-02
3.424875183105e+02 1.779560931027e-02
3.424884948730e+02 2.819590084255e-02
3.424894714355e+02 2.881138212979e-02
3.424904479980e+02 2.168207243085e-02
3.424914245605e+02 2.826869860291e-02
3.424924011230e+02 3.644233196974e-02
3.424933776855e+02 1.430212892592e-02
3.424943542480e+02 2.942298911512e-02
3.424953308105e+02 3.967222198844e-02
3.424963073730e+02 2.286078594625e-02
3.424972839355e+02 1.163318287581e-02
3.424982604980e+02 1.904222927988e-02
3.424992370605e+02 2.174990484491e-03
3.425002136230e+02 1.717679575086e-02
3.425011901855e+02 1.497560180724e-02
3.425021667480e+02 1.000530365855e-02
3.425031433105e+02 3.492815885693e-03
3.425041198730e+02 6.770092993975e-03
3.425050964355e+02 1.218448672444e-02
3.425060729980e+02 2.256195060909e-02
3.425070495605e+02 3.636520728469e-02
3.425080261230e+02 2.226836979389e-02
3.425090026855e+02 2.843868173659e-02
3.425099792480e+02 1.344029791653e-02
3.425109558105e+02 1.519865356386e-02
3.425119323730e+02 1.823404431343e-02
3.425129089355e+02 2.375924214721e-02
3.425138854980e+02 3.399777784944e-02
3.425148620605e+02 2.191688865423e-02
3.425158386230e+02 2.851098962128e-02
3.425168151855e+02 2.035801112652e-02
3.425177917480e+02 4.868987947702e-02
3.425187683105e+02 4.084214940667e-02
3.425197448730e+02 2.598124556243e-02
3.425207214355e+02 2.655224874616e-02
3.425216979980e+02 2.791168354452e-02
3.425226745605e+02 3.092625737190e-02
3.425236511230e+02 3.229094296694e-02
3.425246276855e+02 3.300109878182e-02
3.425256042480e+02 2.916685864329e-02
3.425265808105e+02 3.697293624282e-02
3.425275573730e+02 3.447484597564e-02
3.425285339355e+02 2.868646010756e-02
3.425295104980e+02 2.156452648342e-02
3.425304870605e+02 1.804771460593e-02
3.425314636230e+02 2.514847368002e-02
3.425324401855e+02 1.888911984861e-02
3.425334167480e+02 1.648816280067e-02
3.425343933105e+02 6.598083768040e-03
3.425353698730e+02 1.889390312135e-02
3.425363464355e+02 1.826001517475e-02
3.425373229980e+02 3.111026622355e-02
3.425382995605e+02 1.809218339622e-02
3.425392761230e+02 2.831290848553e-02
3.425402526855e+02 2.356887049973e-02
3.425412292480e+02 2.637680619955e-02
3.425422058105e+02 1.264735404402e-02
3.425431823730e+02 1.203930284828e-02
3.425441589355e+02 2.103962562978e-02
3.425451354980e+02 2.532843127847e-02
3.425461120605e+02 2.693289890885e-02
3.425470886230e+02 1.930939406157e-02
3.425480651855e+02 1.109562534839e-02
3.425490417480e+02 8.726241067052e-03
3.425500183105e+02 5.444209557027e-03
3.425509948730e+02 1.473639160395e-02
3.425519714355e+02 1.161271519959e-02
3.425529479980e+02 2.451714128256e-02
3.425539245605e+02 2.111014537513e-02
3.425549011230e+02 1.221273932606e-02
3.425558776855e+02 2.071648091078e-02
3.425568542480e+02 2.706801332533e-02
3.425578308105e+02 2.602441422641e-02
3.425588073730e+02 2.888623438776e-02
3.425597839355e+02 3.055343776941e-02
3.425607604980e+02 9.182850830257e-03
3.425617370605e+02 2.697799541056e-02
3.425627136230e+02 2.659039758146e-02
3.425636901855e+02 2.077446505427e-02
3.425646667480e+02 1.411778852344e-02
3.425656433105e+02 1.951950229704e-02
3.425666198730e+02 2.522778883576e-02
3.425675964355e+02 2.560716308653e-02
3.425685729980e+02 4.394635185599e-02
3.425695495605e+02 1.316390372813e-02
3.425705261230e+02 8.299853652716e-03
3.425715026855e+02 1.726435869932e-02
3.425724792480e+02 1.085782516748e-02
3.425734558105e+02 1.379575114697e-02
3.425744323730e+02 2.646824531257e-02
3.425754089355e+02 1.940218731761e-02
3.425763854980e+02 1.255254540592e-02
3.425773620605e+02 2.266277931631e-02
3.425783386230e+02 1.464681420475e-02
3.425793151855e+02 2.071497403085e-02
3.425802917480e+02 1.288439892232e-02
3.425812683105e+02 2.091247402132e-02
3.425822448730e+02 2.295661717653e-02
3.425832214355e+02 5.614338442683e-03
3.425841979980e+02 -2.481161244214e-02
3.425851745605e+02 -3.507251664996e-02
3.425861511230e+02 -4.653789475560e-02
3.425871276855e+02 -6.471654027700e-02
3.425881042480e+02 -8.435337990522e-02
3.425890808105e+02 -9.450782835484e-02
3.425900573730e+02 -1.138979122043e-01
3.425910339355e+02 -1.230859756470e-01
3.425920104980e+02 -1.009055748582e-01
3.425929870605e+02 -7.083609700203e-02
3.425939636230e+02 -1.905524171889e-02
3.425949401855e+02 2.164591848850e-02
3.425959167480e+02 6.271877884865e-02
3.425968933105e+02 1.348393112421e-01
3.425978698730e+02 2.022825032473e-01
3.425988464355e+02 2.822262346745e-01
3.425998229980e+02 3.750678300858e-01
3.426007995605e+02 4.577811360359e-01
3.426017761230e+02 5.189524888992e-01
3.426027526855e+02 5.553043484688e-01
3.426037292480e+02 5.707551240921e-01
3.426047058105e+02 5.390976071358e-01
3.426056823730e+02 4.578522443771e-01
3.426066589355e+02 3.715927004814e-01
3.426076354980e+02 3.046917021275e-01
3.426086120605e+02 2.526971399784e-01
3.426095886230e+02 1.767517924309e-01
3.426105651855e+02 1.330814510584e-01
3.426115417480e+02 1.113411113620e-01
3.426125183105e+02 8.568832278252e-02
3.426134948730e+02 5.064197629690e-02
3.426144714355e+02 4.182260483503e-02
3.426154479980e+02 1.656573638320e-02
3.426164245605e+02 3.199422731996e-02
3.426174011230e+02 2.710659988225e-02
3.426183776855e+02 1.746581494808e-02
3.426193542480e+02 2.551223151386e-02
3.426203308105e+02 1.905889622867e-02
3.426213073730e+02 1.026522181928e-02
3.426222839355e+02 1.251526735723e-02
3.426232604980e+02 1.527480594814e-02
3.426242370605e+02 1.965758390725e-02
3.426252136230e+02 3.524486720562e-02
3.426261901855e+02 2.949396893382e-02
3.426271667480e+02 1.709332875907e-02
3.426281433105e+02 2.406737767160e-02
3.426291198730e+02 2.633466944098e-02
3.426300964355e+02 1.859278045595e-02
3.426310729980e+02 2.811866998672e-02
3.426320495605e+02 3.466394171119e-02
3.426330261230e+02 2.283772639930e-02
3.426340026855e+02 4.252474009991e-02
3.426349792480e+02 4.552936926484e-02
3.426359558105e+02 3.970754891634e-02
3.426369323730e+02 2.658521756530e-02
3.426378784180e+02 2.312912233174e-02
3.426388549805e+02 1.907371170819e-02
3.426398315430e+02 2.458927035332e-02
3.426408081055e+02 2.292741835117e-02
3.426417846680e+02 2.906602807343e-02
3.426427612305e+02 4.112868383527e-02
3.426437377930e+02 3.546375781298e-02
3.426447143555e+02 2.694623544812e-02
3.426456909180e+02 1.525624655187e-02
3.426466674805e+02 3.363086283207e-02
3.426476440430e+02 2.907863631845e-02
3.426486206055e+02 1.665161922574e-02
3.426495971680e+02 3.210581094027e-02
3.426505737305e+02 3.588847815990e-02
3.426515502930e+02 4.139672219753e-02
3.426525268555e+02 3.455230593681e-02
3.426535034180e+02 1.227339729667e-02
3.426544799805e+02 2.955224132165e-03
3.426554565430e+02 5.080832168460e-03
3.426564331055e+02 1.670363172889e-02
3.426574096680e+02 2.162229269743e-02
3.426583862305e+02 2.487248368561e-02
3.426593627930e+02 3.278410062194e-02
3.426603393555e+02 2.669826149940e-02
3.426613159180e+02 3.244841098785e-02
3.426622924805e+02 4.693378880620e-02
3.426632690430e+02 4.023611173034e-02
3.426642456055e+02 3.908209875226e-02
3.426652221680e+02 2.743570134044e-02
3.426661987305e+02 3.053659200668e-02
3.426671752930e+02 2.853832393885e-02
3.426681518555e+02 3.274745866656e-02
3.426691284180e+02 3.028654493392e-02
3.426701049805e+02 2.827383019030e-02
3.426710815430e+02 5.675466265529e-03
3.426720581055e+02 1.775760389864e-02
3.426730346680e+02 1.695717871189e-02
3.426740112305e+02 3.114863485098e-02
3.426749877930e+02 3.304244205356e-02
3.426759643555e+02 2.695639431477e-02
3.426769409180e+02 3.471043705940e-02
3.426779174805e+02 2.889025770128e-02
3.426788940430e+02 1.690165884793e-02
3.426798706055e+02 1.410770509392e-02
3.426808471680e+02 2.842394448817e-02
3.426818237305e+02 3.467972576618e-02
3.426828002930e+02 2.858536690474e-02
3.426837768555e+02 1.921198517084e-02
3.426847534180e+02 3.011984191835e-02
3.426857299805e+02 2.505896054208e-02
3.426867065430e+02 9.283535182476e-03
3.426876831055e+02 1.838133484125e-02
3.426886596680e+02 1.470028795302e-02
3.426896362305e+02 9.043972939253e-03
3.426906127930e+02 -1.519377343357e-03
3.426915893555e+02 3.414870239794e-03
3.426925659180e+02 -5.650695879012e-03
3.426935424805e+02 -4.912662319839e-03
3.426945190430e+02 -4.095267970115e-03
3.426954956055e+02 -8.160202996805e-04
3.426964721680e+02 -9.719426743686e-03
3.426974487305e+02 -8.575011044741e-03
3.426984252930e+02 1.270993798971e-02
3.426994018555e+02 1.260402146727e-02
3.427003784180e+02 1.240238826722e-02
3.427013549805e+02 2.268438600004e-02
3.427023315430e+02 4.787983372808e-02
3.427033081055e+02 6.928385049105e-02
3.427042846680e+02 8.204968273640e-02
3.427052612305e+02 1.099601835012e-01
3.427062377930e+02 9.458754956722e-02
3.427072143555e+02 6.238281726837e-02
3.427081909180e+02 7.402700185776e-02
3.427091674805e+02 8.624360710382e-02
3.427101440430e+02 1.191312521696e-01
3.427111206055e+02 1.561230868101e-01
3.427120971680e+02 1.939577162266e-01
3.427130737305e+02 1.798601597548e-01
3.427140502930e+02 1.829688996077e-01
3.427150268555e+02 2.258383482695e-01
3.427160034180e+02 2.606426179409e-01
3.427169799805e+02 2.823173701763e-01
3.427179565430e+02 3.011853694916e-01
3.427189331055e+02 2.797155678272e-01
3.427199096680e+02 2.229343950748e-01
3.427208862305e+02 1.758724153042e-01
3.427218627930e+02 1.433248072863e-01
3.427228393555e+02 1.355558782816e-01
3.427238159180e+02 1.105792820454e-01
3.427247924805e+02 7.912463694811e-02
3.427257690430e+02 5.624512210488e-02
3.427267456055e+02 3.163966163993e-02
3.427277221680e+02 4.547584801912e-02
3.427286987305e+02 2.363722212613e-02
3.427296752930e+02 2.809167094529e-02
3.427306518555e+02 2.534032426775e-02
3.427316284180e+02 2.777286618948e-02
3.427326049805e+02 2.357058785856e-02
3.427335815430e+02 3.118093498051e-02
3.427345581055e+02 2.150671184063e-02
3.427355346680e+02 2.331727370620e-02
3.427365112305e+02 2.746901288629e-02
3.427374877930e+02 3.462321311235e-02
3.427384643555e+02 3.807884454727e-02
3.427394409180e+02 5.245217680931e-02
3.427404174805e+02 6.383161246777e-02
3.427413940430e+02 5.788041651249e-02
3.427423706055e+02 6.512296944857e-02
3.427433471680e+02 9.130530059338e-02
3.427443237305e+02 9.648680686951e-02
3.427453002930e+02 7.978228479624e-02
3.427462768555e+02 8.373232930899e-02
3.427472534180e+02 7.772937417030e-02
3.427482299805e+02 5.410508811474e-02
3.427492065430e+02 4.427509754896e-02
3.427501831055e+02 4.443800449371e-02
3.427511596680e+02 4.327745735645e-02
3.427521362305e+02 3.710686042905e-02
3.427531127930e+02 2.327671274543e-02
3.427540893555e+02 2.036081813276e-02
3.427550659180e+02 1.901641860604e-02
3.427560424805e+02 2.477290667593e-02
3.427570190430e+02 2.568547800183e-02
3.427579956055e+02 3.102786652744e-02
3.427589721680e+02 3.354642167687e-02
3.427599487305e+02 3.262768685818e-02
3.427609252930e+02 2.831372059882e-02
3.427619018555e+02 1.087928377092e-02
3.427628784180e+02 1.681394129992e-02
3.427638549805e+02 1.369142346084e-02
3.427648315430e+02 2.289248630404e-02
3.427658081055e+02 9.605866856873e-03
3.427667846680e+02 5.538362078369e-03
3.427677612305e+02 1.862598210573e-02
3.427687377930e+02 2.496620081365e-02
3.427697143555e+02 1.596538163722e-02
3.427706909180e+02 1.407678984106e-02
3.427716674805e+02 2.580844238400e-02
3.427726440430e+02 2.148590981960e-02
3.427736206055e+02 2.633687667549e-02
3.427745971680e+02 2.658482082188e-02
3.427755737305e+02 3.001331165433e-02
3.427765502930e+02 1.290176343173e-02
3.427775268555e+02 8.803288452327e-03
3.427785034180e+02 2.298679575324e-02
3.427794799805e+02 3.021544963121e-02
3.427804565430e+02 3.174129873514e-02
3.427814331055e+02 2.997215464711e-02
3.427824096680e+02 1.967312581837e-02
3.427833862305e+02 1.257878635079e-02
3.427843627930e+02 1.455529127270e-02
3.427853393555e+02 8.981156162918e-03
3.427863159180e+02 3.922428004444e-03
3.427872924805e+02 -5.911135114729e-03
3.427882690430e+02 7.615711539984e-03
3.427892456055e+02 8.250737562776e-03
3.427902221680e+02 2.108481340110e-02
3.427911987305e+02 2.418125979602e-02
3.427921752930e+02 2.202516235411e-02
3.427931518555e+02 1.240855921060e-02
3.427941284180e+02 2.701236493886e-02
3.427951049805e+02 2.806281857193e-02
3.427960815430e+02 3.102287091315e-02
3.427970581055e+02 5.945492908359e-02
3.427980346680e+02 5.755389854312e-02
3.427990112305e+02 3.894791007042e-02
3.427999877930e+02 4.027917608619e-02
3.428009643555e+02 4.455588757992e-02
3.428019409180e+02 2.789144404233e-02
3.428029174805e+02 2.750966139138e-02
3.428038940430e+02 3.184102475643e-02
3.428048706055e+02 3.408916667104e-02
3.428058471680e+02 4.073978960514e-02
3.428068237305e+02 3.181905671954e-02
3.428078002930e+02 3.401146084070e-02
3.428087768555e+02 4.067658260465e-02
3.428097534180e+02 1.767206192017e-02
3.428107299805e+02 1.238826569170e-02
3.428117065430e+02 2.960493043065e-02
3.428126831055e+02 3.783266246319e-02
3.428136596680e+02 3.947012871504e-02
3.428146362305e+02 2.771005779505e-02
3.428156127930e+02 3.988772258162e-02
3.428165893555e+02 3.660691529512e-02
3.428175659180e+02 4.922353103757e-02
3.428185424805e+02 4.367989674211e-02
3.428195190430e+02 3.751765191555e-02
3.428204956055e+02 4.196003824472e-02
3.428214721680e+02 2.065105363727e-02
3.428224487305e+02 3.049987554550e-02
3.428234252930e+02 2.653221227229e-02
3.428244018555e+02 3.366980701685e-02
3.428253784180e+02 2.331850863993e-02
3.428263549805e+02 2.285935916007e-02
3.428273315430e+02 3.481794521213e-02
3.428283081055e+02 3.468413278461e-02
3.428292846680e+02 2.920285426080e-02
3.428302612305e+02 2.743037417531e-02
3.428312377930e+02 3.752935677767e-02
3.428322143555e+02 3.604110330343e-02
3.428331909180e+02 5.019411444664e-02
3.428341674805e+02 5.255716294050e-02
3.428351440430e+02 5.072629079223e-02
3.428361206055e+02 4.456076771021e-02
3.428370971680e+02 1.964993029833e-02
3.428380737305e+02 9.741029702127e-03
3.428390502930e+02 4.175719339401e-03
3.428400268555e+02 8.725611492991e-03
3.428410034180e+02 4.207067657262e-03
3.428419799805e+02 -2.207715064287e-02
3.428429565430e+02 -6.068673450500e-03
3.428439331055e+02 1.267081219703e-02
3.428449096680e+02 9.377302601933e-03
3.428458862305e+02 1.597302407026e-02
3.428468627930e+02 2.244612574577e-02
3.428478393555e+02 2.400141209364e-02
3.428488159180e+02 3.548151999712e-02
3.428497924805e+02 4.186497628689e-02
3.428507690430e+02 3.567626699805e-02
3.428517456055e+02 3.917838260531e-02
3.428527221680e+02 5.664363875985e-02
3.428536987305e+02 3.302666172385e-02
3.428546752930e+02 4.145323112607e-02
3.428556518555e+02 4.394982755184e-02
3.428566284180e+02 4.326207935810e-02
3.428576049805e+02 2.563328482211e-02
3.428585815430e+02 2.662051282823e-02
3.428595581055e+02 8.733033202589e-03
3.428605346680e+02 -5.054422654212e-04
3.428615112305e+02 1.826579496264e-02
3.428624877930e+02 6.176829338074e-03
3.428634643555e+02 2.597577124834e-02
3.428644409180e+02 2.460136637092e-02
3.428654174805e+02 2.734424173832e-02
3.428663940430e+02 1.635470055044e-02
3.428673706055e+02 1.543460041285e-02
3.428683471680e+02 2.592456527054e-02
3.428693237305e+02 2.012244053185e-02
3.428703002930e+02 1.714031957090e-02
3.428712768555e+02 6.753493566066e-03
3.428722534180e+02 1.505831349641e-02
3.428732299805e+02 2.280904166400e-02
3.428742065430e+02 2.245566248894e-02
3.428751831055e+02 2.762820012867e-02
3.428761596680e+02 1.927465386689e-02
3.428771362305e+02 3.045235946774e-02
3.428781127930e+02 1.720617339015e-02
3.428790893555e+02 2.590431459248e-02
3.428800659180e+02 2.685269713402e-02
3.428810424805e+02 2.175916545093e-02
3.428820190430e+02 2.081805281341e-02
3.428829956055e+02 2.486088499427e-02
3.428839721680e+02 2.145468257368e-02
3.428849487305e+02 2.395626716316e-02
3.428859252930e+02 1.418427284807e-02
3.428869018555e+02 3.083727136254e-02
3.428878784180e+02 2.160885743797e-02
3.428888549805e+02 1.404212601483e-02
3.428898315430e+02 7.255721837282e-03
3.428908081055e+02 1.491711009294e-02
3.428917846680e+02 2.015472948551e-02
3.428927612305e+02 1.274918299168e-02
3.428937377930e+02 2.088387124240e-02
3.428947143555e+02 3.348316252232e-02
3.428956909180e+02 3.614772111177e-02
3.428966674805e+02 3.317096829414e-02
3.428976440430e+02 3.849945962429e-02
3.428986206055e+02 3.211412951350e-02
3.428995971680e+02 2.759486809373e-02
3.429005737305e+02 3.543701395392e-02
3.429015502930e+02 3.471921756864e-02
3.429025268555e+02 4.807400330901e-02
3.429035034180e+02 4.327154532075e-02
3.429044799805e+02 3.719992190599e-02
3.429054565430e+02 4.104363918304e-02
3.429064331055e+02 4.662894830108e-02
3.429074096680e+02 3.568129241467e-02
3.429083862305e+02 3.235204890370e-02
3.429093627930e+02 3.050545603037e-02
3.429103393555e+02 1.810585893691e-02
3.429113159180e+02 2.009510248899e-02
3.429122924805e+02 1.711851917207e-02
3.429132690430e+02 8.914103731513e-03
3.429142456055e+02 -3.893299959600e-03
3.429152221680e+02 -1.834404096007e-02
3.429161987305e+02 -3.858406469226e-02
3.429171752930e+02 -7.260244339705e-02
3.429181518555e+02 -8.338854461908e-02
3.429191284180e+02 -6.669879704714e-02
3.429201049805e+02 -5.450797453523e-02
3.429210815430e+02 -5.233448371291e-02
3.429220581055e+02 -9.421049617231e-03
3.429230346680e+02 6.067368388176e-02
3.429240112305e+02 1.828859597445e-01
3.429249877930e+02 3.214029073715e-01
3.429259643555e+02 4.676293432713e-01
3.429269409180e+02 7.637906074524e-01
3.429279174805e+02 1.190342783928e+00
3.429288940430e+02 1.445430517197e+00
3.429298706055e+02 1.652411580086e+00
3.429308471680e+02 1.853203773499e+00
3.429318237305e+02 2.029851675034e+00
3.429328002930e+02 2.150157213211e+00
3.429337768555e+02 2.336737394333e+00
3.429347534180e+02 2.587111711502e+00
3.429357299805e+02 2.788312911987e+00
3.429367065430e+02 2.873806715012e+00
3.429376831055e+02 2.805233716965e+00
3.429386596680e+02 2.091374397278e+00
3.429396362305e+02 1.842970401049e-01
3.429406127930e+02 -4.432308673859e-01
3.429415893555e+02 4.644074141979e-01
3.429425659180e+02 8.510996699333e-01
3.429435424805e+02 9.132602810860e-01
3.429445190430e+02 7.342835664749e-01
3.429454956055e+02 5.405209660530e-01
3.429464721680e+02 3.923354744911e-01
3.429474487305e+02 2.995670437813e-01
3.429484252930e+02 2.362625151873e-01
3.429494018555e+02 1.729041039944e-01
3.429503784180e+02 1.188063696027e-01
3.429513549805e+02 1.032831743360e-01
3.429523315430e+02 8.535254746675e-02
3.429533081055e+02 8.204943686724e-02
3.429542846680e+02 7.851951569319e-02
3.429552612305e+02 8.475706726313e-02
3.429562377930e+02 1.011355146766e-01
3.429572143555e+02 1.017501503229e-01
3.429581909180e+02 7.782886922359e-02
3.429591674805e+02 6.727371364832e-02
3.429601440430e+02 5.208971351385e-02
3.429611206055e+02 5.055714026093e-02
3.429620971680e+02 3.980797156692e-02
3.429630737305e+02 3.021684288979e-02
3.429640502930e+02 3.441711887717e-02
3.429650268555e+02 3.243331983685e-02
3.429660034180e+02 1.980523765087e-02
3.429669799805e+02 1.408550329506e-02
3.429679565430e+02 2.230642922223e-02
3.429689331055e+02 1.574357412755e-02
3.429699096680e+02 1.632458530366e-02
3.429708862305e+02 2.249105274677e-02
3.429718627930e+02 2.278614230454e-02
3.429728393555e+02 1.845480315387e-02
3.429738159180e+02 1.879597268999e-02
3.429747924805e+02 1.873129792511e-02
3.429757690430e+02 3.179420530796e-02
3.429767456055e+02 2.323524095118e-02
3.429777221680e+02 1.994204334915e-02
3.429786987305e+02 2.472793310881e-02
3.429796752930e+02 1.525659207255e-02
3.429806518555e+02 1.276434771717e-02
3.429816284180e+02 2.025686763227e-02
3.429826049805e+02 2.645268291235e-02
3.429835815430e+02 2.545836195350e-02
3.429845581055e+02 1.587189733982e-02
3.429855346680e+02 2.213361300528e-02
3.429865112305e+02 3.073919564486e-02
3.429874877930e+02 3.441381454468e-02
3.429884643555e+02 2.061855792999e-02
3.429894409180e+02 1.925829052925e-02
3.429904174805e+02 2.560242824256e-02
3.429913940430e+02 1.183278858662e-02
3.429923706055e+02 1.510371640325e-02
3.429933471680e+02 3.221788257360e-02
3.429943237305e+02 3.821123391390e-02
3.429953002930e+02 2.608154900372e-02
3.429962768555e+02 3.723106905818e-02
3.429972534180e+02 2.984713390470e-02
3.429982299805e+02 2.624570764601e-02
3.429992065430e+02 2.087865769863e-02
3.430001831055e+02 2.588735520840e-02
3.430011596680e+02 3.975792974234e-02
3.430021362305e+02 4.541242867708e-02
3.430031127930e+02 2.653644979000e-02
3.430040893555e+02 1.731042563915e-02
3.430050659180e+02 2.857289277017e-02
3.430060424805e+02 2.712436765432e-02
3.430070190430e+02 2.908869646490e-02
3.430079956055e+02 3.622248396277e-02
3.430089721680e+02 2.276489138603e-02
3.430099487305e+02 2.509012073278e-02
3.430109252930e+02 1.593032851815e-02
3.430119018555e+02 2.003753744066e-02
3.430128784180e+02 2.231208048761e-02
3.430138549805e+02 3.172034770250e-02
3.430148315430e+02 2.655781246722e-02
3.430158081055e+02 2.604695968330e-02
3.430167846680e+02 3.865869715810e-02
3.430177612305e+02 3.274764120579e-02
3.430187377930e+02 2.942514419556e-02
3.430197143555e+02 5.289036780596e-02
3.430206909180e+02 4.712952300906e-02
3.430216674805e+02 5.176514387131e-02
3.430226440430e+02 4.051726311445e-02
3.430236206055e+02 3.836021572351e-02
3.430245971680e+02 5.609124526381e-02
3.430255737305e+02 5.629003047943e-02
3.430265502930e+02 7.528819888830e-02
3.430275268555e+02 8.696006983519e-02
3.430285034180e+02 5.911146476865e-02
3.430294799805e+02 4.410202056170e-02
3.430304565430e+02 5.221334844828e-02
3.430314331055e+02 5.867461487651e-02
3.430324096680e+02 6.310293078423e-02
3.430333862305e+02 5.575040355325e-02
3.430343627930e+02 3.851636126637e-02
3.430353393555e+02 5.131456628442e-02
3.430363159180e+02 5.874907597899e-02
3.430372924805e+02 5.711519345641e-02
3.430382690430e+02 6.803154200315e-02
3.430392456055e+02 5.384526401758e-02
3.430402221680e+02 6.386698782444e-02
3.430411987305e+02 6.625118106604e-02
3.430421752930e+02 7.435426115990e-02
3.430431518555e+02 8.012723177671e-02
3.430441284180e+02 6.309992820024e-02
3.430451049805e+02 5.271900817752e-02
3.430460815430e+02 5.145332962275e-02
3.430470581055e+02 4.075676202774e-02
3.430480346680e+02 3.174779936671e-02
3.430490112305e+02 3.894635289907e-02
3.430499877930e+02 4.087295010686e-02
3.430509643555e+02 3.911701217294e-02
3.430519409180e+02 3.760194405913e-02
3.430529174805e+02 2.137173525989e-02
3.430538940430e+02 3.343334048986e-02
3.430548706055e+02 4.680017009377e-02
3.430558471680e+02 1.593803800642e-02
3.430568237305e+02 1.608026959002e-02
3.430578002930e+02 1.562859117985e-02
3.430587768555e+02 1.743779145181e-02
3.430597534180e+02 2.868547476828e-02
3.430607299805e+02 2.655895799398e-02
3.430617065430e+02 1.647262834013e-02
3.430626831055e+02 3.049692511559e-02
3.430636596680e+02 4.268879815936e-02
3.430646362305e+02 2.763091214001e-02
3.430656127930e+02 1.659246534109e-02
3.430665893555e+02 6.296587176621e-03
3.430675659180e+02 1.939651183784e-02
3.430685424805e+02 1.576968468726e-02
3.430695190430e+02 2.353517152369e-02
3.430704956055e+02 3.313163295388e-02
3.430714721680e+02 1.338209677488e-02
3.430724487305e+02 2.869706600904e-02
3.430734252930e+02 1.338433194906e-02
3.430744018555e+02 2.917950041592e-02
3.430753784180e+02 2.710735239089e-02
3.430763549805e+02 3.055787831545e-02
3.430773315430e+02 3.751708567142e-02
3.430783081055e+02 2.197830192745e-02
3.430792846680e+02 8.415139280260e-03
3.430802612305e+02 2.172279730439e-02
3.430812377930e+02 1.845254935324e-02
3.430822143555e+02 4.559996351600e-02
3.430831909180e+02 3.204985335469e-02
3.430841674805e+02 1.895267516375e-02
3.430851440430e+02 3.017039224505e-02
3.430861206055e+02 3.323206305504e-02
3.430870971680e+02 2.022204920650e-02
3.430880737305e+02 2.119876444340e-02
3.430890502930e+02 3.039551712573e-02
3.430900268555e+02 2.609457634389e-02
3.430910034180e+02 3.019209019840e-02
3.430919799805e+02 2.583446726203e-02
3.430929565430e+02 2.121818438172e-02
3.430939331055e+02 3.130794689059e-02
3.430949096680e+02 2.781472168863e-02
3.430958862305e+02 3.142879158258e-02
3.430968627930e+02 2.995107881725e-02
3.430978393555e+02 3.357741236687e-02
3.430988159180e+02 3.537723794580e-02
3.430997924805e+02 3.258353099227e-02
3.431007690430e+02 3.536331281066e-02
3.431017456055e+02 5.113405361772e-02
3.431027221680e+02 6.103613600135e-02
3.431036987305e+02 6.748171895742e-02
3.431046752930e+02 8.947157859802e-02
3.431056518555e+02 1.043203771114e-01
3.431066284180e+02 1.146110370755e-01
3.431076049805e+02 1.364917308092e-01
3.431085815430e+02 1.445145606995e-01
3.431095581055e+02 1.332198977470e-01
3.431105346680e+02 1.414811015129e-01
3.431115112305e+02 1.149146780372e-01
3.431124877930e+02 7.524280250072e-02
3.431134643555e+02 4.829058051109e-02
3.431144409180e+02 5.311612412333e-02
3.431154174805e+02 5.275569111109e-02
3.431163940430e+02 3.296725824475e-02
3.431173706055e+02 4.013521596789e-02
3.431183471680e+02 2.587952651083e-02
3.431193237305e+02 3.255188837647e-02
3.431203002930e+02 3.588914498687e-02
3.431212768555e+02 1.564786024392e-02
3.431222534180e+02 2.014869824052e-02
3.431232299805e+02 1.184135582298e-02
3.431242065430e+02 2.807511948049e-02
3.431251831055e+02 2.651865407825e-02
3.431261596680e+02 2.692854218185e-02
3.431271362305e+02 3.164627030492e-02
3.431281127930e+02 1.684009097517e-02
3.431290893555e+02 6.200017407537e-03
3.431300659180e+02 1.818305253983e-02
3.431310424805e+02 2.630989812315e-02
3.431320190430e+02 3.105501644313e-02
3.431329956055e+02 4.002819210291e-02
3.431339721680e+02 1.669181138277e-02
3.431349487305e+02 8.379046805203e-03
3.431359252930e+02 1.802643877454e-03
3.431369018555e+02 2.644348703325e-02
3.431378784180e+02 2.800135500729e-02
3.431388549805e+02 2.397420071065e-02
3.431398315430e+02 2.346631698310e-02
3.431408081055e+02 2.122725732625e-02
3.431417846680e+02 1.885446533561e-02
3.431427612305e+02 2.152171917260e-02
3.431437377930e+02 3.842228278518e-02
3.431447143555e+02 4.364544525743e-02
3.431456909180e+02 4.599706083536e-02
3.431466674805e+02 4.101568460464e-02
3.431476440430e+02 4.117925092578e-02
3.431486206055e+02 3.897488862276e-02
3.431495971680e+02 5.187227576971e-02
3.431505737305e+02 5.101609230042e-02
3.431515502930e+02 2.526362612844e-02
3.431525268555e+02 2.925804443657e-02
3.431535034180e+02 1.772386580706e-02
3.431544799805e+02 3.182931616902e-02
3.431554565430e+02 2.417352795601e-02
3.431564331055e+02 3.286818042397e-02
3.431574096680e+02 2.796323038638e-02
3.431583862305e+02 3.418430313468e-02
3.431593627930e+02 3.531529009342e-02
3.431603393555e+02 4.240019991994e-02
3.431613159180e+02 3.770705312490e-02
3.431622924805e+02 1.044280361384e-02
3.431632690430e+02 1.572984270751e-02
3.431642456055e+02 2.495887130499e-02
3.431652221680e+02 1.346128527075e-02
3.431661987305e+02 1.685648411512e-02
3.431671752930e+02 8.149548433721e-03
3.431681518555e+02 1.031812746078e-02
3.431691284180e+02 1.704245992005e-02
3.431701049805e+02 1.917548663914e-02
3.431710815430e+02 1.990939676762e-02
3.431720581055e+02 1.873172447085e-02
3.431730346680e+02 2.651447802782e-02
3.431740112305e+02 8.418172597885e-03
3.431749877930e+02 2.220480330288e-02
3.431759643555e+02 1.014813408256e-02
3.431769409180e+02 1.957834511995e-02
3.431779174805e+02 2.755981497467e-02
3.431788940430e+02 3.837096318603e-02
3.431798706055e+02 4.204028099775e-02
3.431808471680e+02 3.913268446922e-02
3.431818237305e+02 4.459902644157e-02
3.431828002930e+02 3.959736973047e-02
3.431837768555e+02 4.698560014367e-02
3.431847534180e+02 6.276941299438e-02
3.431857299805e+02 4.533103853464e-02
3.431867065430e+02 3.980051353574e-02
3.431876831055e+02 2.581254206598e-02
3.431886596680e+02 3.170384466648e-02
3.431896362305e+02 3.064193949103e-02
3.431906127930e+02 2.514117211103e-02
3.431915893555e+02 3.238459303975e-02
3.431925659180e+02 3.567954152822e-02
3.431935424805e+02 3.102969191968e-02
3.431945190430e+02 2.983847260475e-02
3.431954956055e+02 4.706844314933e-02
3.431964721680e+02 3.255508095026e-02
3.431974487305e+02 4.683323204517e-02
3.431984252930e+02 3.771219402552e-02
3.431994018555e+02 4.204908385873e-02
3.432003784180e+02 3.087517619133e-02
3.432013549805e+02 4.408724233508e-02
3.432023315430e+02 2.745734155178e-02
3.432033081055e+02 2.817484922707e-02
3.432042846680e+02 3.136835247278e-02
3.432052612305e+02 3.577812016010e-02
3.432062377930e+02 3.101960942149e-02
3.432072143555e+02 1.935443282127e-02
3.432081909180e+02 3.063296712935e-02
3.432091674805e+02 4.175306856632e-02
3.432101440430e+02 3.150297701359e-02
3.432110900879e+02 3.294609487057e-02
3.432120666504e+02 1.516848057508e-02
3.432130432129e+02 1.485172845423e-02
3.432140197754e+02 1.831914670765e-02
3.432149963379e+02 2.070276811719e-02
3.432159729004e+02 1.806673966348e-02
3.432169494629e+02 2.322189696133e-02
3.432179260254e+02 -4.158387891948e-03
3.432189025879e+02 5.195741076022e-03
3.432198791504e+02 -3.246726701036e-03
3.432208557129e+02 6.602501496673e-03
3.432218322754e+02 1.250190567225e-02
3.432228088379e+02 7.032495923340e-03
3.432237854004e+02 2.797152288258e-02
3.432247619629e+02 1.743653789163e-02
3.432257385254e+02 2.991237305105e-02
3.432267150879e+02 3.130751475692e-02
3.432276916504e+02 2.949029207230e-02
3.432286682129e+02 3.097256273031e-02
3.432296447754e+02 1.926609128714e-02
3.432306213379e+02 2.247217297554e-02
3.432315979004e+02 1.965842396021e-02
3.432325744629e+02 1.220653206110e-02
3.432335510254e+02 1.852365210652e-02
3.432345275879e+02 1.911270432174e-02
3.432355041504e+02 1.598540507257e-02
3.432364807129e+02 1.500705443323e-02
3.432374572754e+02 4.819263238460e-03
3.432384338379e+02 1.980398222804e-02
3.432394104004e+02 1.979526504874e-02
3.432403869629e+02 -4.434179514647e-03
3.432413635254e+02 5.576708819717e-03
3.432423400879e+02 3.105296567082e-02
3.432433166504e+02 3.774192556739e-02
3.432442932129e+02 4.446187615395e-02
3.432452697754e+02 3.031162545085e-02
3.432462463379e+02 2.198276482522e-02
3.432472229004e+02 5.561758577824e-02
3.432481994629e+02 4.768221080303e-02
3.432491760254e+02 3.639132902026e-02
3.432501525879e+02 4.877842217684e-02
3.432511291504e+02 3.093784675002e-02
3.432521057129e+02 2.672451175749e-02
3.432530822754e+02 3.257859870791e-02
3.432540588379e+02 2.240283228457e-02
3.432550354004e+02 2.331563271582e-02
3.432560119629e+02 2.992821671069e-02
3.432569885254e+02 2.384362183511e-02
3.432579650879e+02 3.405770659447e-02
3.432589416504e+02 9.470193646848e-03
3.432599182129e+02 1.423084456474e-02
3.432608947754e+02 1.075211260468e-02
3.432618713379e+02 1.521747093648e-02
3.432628479004e+02 2.866051904857e-02
3.432638244629e+02 2.366092987359e-02
3.432648010254e+02 1.612190902233e-02
3.432657775879e+02 1.252301875502e-02
3.432667541504e+02 1.059554796666e-02
3.432677307129e+02 1.258687302470e-02
3.432687072754e+02 1.108119543642e-02
3.432696838379e+02 2.638647332788e-02
3.432706604004e+02 2.957978285849e-02
3.432716369629e+02 3.479387611151e-02
3.432726135254e+02 3.527716919780e-02
3.432735900879e+02 2.085231244564e-02
3.432745666504e+02 1.851512864232e-02
3.432755432129e+02 2.250038832426e-02
3.432765197754e+02 1.372804492712e-02
3.432774963379e+02 2.488339506090e-02
3.432784729004e+02 1.810931973159e-02
3.432794494629e+02 1.044387836009e-02
3.432804260254e+02 2.036879770458e-02
3.432814025879e+02 1.826786436141e-02
3.432823791504e+02 2.364441379905e-02
3.432833557129e+02 1.452519465238e-02
3.432843322754e+02 1.956662349403e-02
3.432853088379e+02 2.104478515685e-02
3.432862854004e+02 1.965183205903e-02
3.432872619629e+02 1.359961554408e-02
3.432882385254e+02 1.965247467160e-02
3.432892150879e+02 3.240014985204e-02
3.432901916504e+02 2.381795831025e-02
3.432911682129e+02 3.051898628473e-02
3.432921447754e+02 3.641752526164e-02
3.432931213379e+02 3.693402186036e-02
3.432940979004e+02 4.100359976292e-02
3.432950744629e+02 2.650718390942e-02
3.432960510254e+02 1.651146821678e-02
3.432970275879e+02 1.075475104153e-02
3.432980041504e+02 1.748876646161e-02
3.432989807129e+02 2.066871337593e-02
3.432999572754e+02 2.345192804933e-02
3.433009338379e+02 1.753733865917e-02
3.433019104004e+02 1.796234771609e-02
3.433028869629e+02 3.119201026857e-02
3.433038635254e+02 2.242351323366e-02
3.433048400879e+02 2.968441694975e-02
3.433058166504e+02 2.433883212507e-02
3.433067932129e+02 3.504727780819e-02
3.433077697754e+02 1.846828684211e-02
3.433087463379e+02 2.033389732242e-02
3.433097229004e+02 2.542409300804e-02
3.433106994629e+02 3.573869913816e-02
3.433116760254e+02 2.129001915455e-02
3.433126525879e+02 2.151149138808e-02
3.433136291504e+02 1.993826590478e-02
3.433146057129e+02 2.575854025781e-02
3.433155822754e+02 3.583468869328e-02
3.433165588379e+02 3.346589207649e-02
3.433175354004e+02 1.264041662216e-02
3.433185119629e+02 2.506178431213e-02
3.433194885254e+02 3.267443552613e-02
3.433204650879e+02 1.363407354802e-02
3.433214416504e+02 1.181161124259e-02
3.433224182129e+02 1.656779833138e-02
3.433233947754e+02 -4.772560670972e-03
3.433243713379e+02 1.963713020086e-02
3.433253479004e+02 3.109772317111e-02
3.433263244629e+02 3.084637969732e-02
3.433273010254e+02 4.125635698438e-02
3.433282775879e+02 3.220676630735e-02
3.433292541504e+02 3.344577178359e-02
3.433302307129e+02 4.680295940489e-03
3.433312072754e+02 1.948083937168e-02
3.433321838379e+02 1.875134743750e-02
3.433331604004e+02 2.568513713777e-02
3.433341369629e+02 1.668868772686e-02
3.433351135254e+02 2.007560245693e-02
3.433360900879e+02 2.269611507654e-02
3.433370666504e+02 2.435744181275e-02
3.433380432129e+02 2.212127856910e-02
3.433390197754e+02 2.271722257137e-02
3.433399963379e+02 1.468010526150e-02
3.433409729004e+02 2.210983075202e-02
3.433419494629e+02 1.558224670589e-02
3.433429260254e+02 2.007466368377e-02
3.433439025879e+02 2.680750191212e-02
3.433448791504e+02 2.963657863438e-02
3.433458557129e+02 2.051332965493e-02
3.433468322754e+02 2.342412434518e-02
3.433478088379e+02 2.194979414344e-02
3.433487854004e+02 2.186089009047e-02
3.433497619629e+02 2.724877372384e-02
3.433507385254e+02 3.010015934706e-02
3.433517150879e+02 4.329489544034e-02
3.433526916504e+02 2.563819102943e-02
3.433536682129e+02 1.547239068896e-02
3.433546447754e+02 1.101536303759e-02
3.433556213379e+02 2.900602109730e-02
3.433565979004e+02 2.263498492539e-02
3.433575744629e+02 1.350976154208e-02
3.433585510254e+02 2.070460468531e-02
3.433595275879e+02 3.969861567020e-02
3.433605041504e+02 4.199253022671e-02
3.433614807129e+02 1.308202743530e-02
3.433624572754e+02 2.705775015056e-02
3.433634338379e+02 2.883388847113e-02
3.433644104004e+02 3.543255850673e-02
3.433653869629e+02 3.746069222689e-02
3.433663635254e+02 2.673421427608e-02
3.433673400879e+02 4.208958521485e-02
3.433683166504e+02 5.372149869800e-02
3.433692932129e+02 4.615494236350e-02
3.433702697754e+02 4.830574989319e-02
3.433712463379e+02 5.637789890170e-02
3.433722229004e+02 5.989639088511e-02
3.433731994629e+02 5.773413181305e-02
3.433741760254e+02 4.558246582747e-02
3.433751525879e+02 4.956107586622e-02
3.433761291504e+02 3.501954674721e-02
3.433771057129e+02 4.190478473902e-02
3.433780822754e+02 3.311274945736e-02
3.433790588379e+02 5.083968117833e-02
3.433800354004e+02 5.108288675547e-02
3.433810119629e+02 3.352598100901e-02
3.433819885254e+02 2.764419279993e-02
3.433829650879e+02 4.414664581418e-02
3.433839416504e+02 2.297162637115e-02
3.433849182129e+02 1.100832689553e-02
3.433858947754e+02 1.910549215972e-02
3.433868713379e+02 2.275732345879e-02
3.433878479004e+02 1.977880112827e-02
3.433888244629e+02 1.324935350567e-02
3.433898010254e+02 2.088917978108e-02
3.433907775879e+02 1.825150288641e-02
3.433917541504e+02 2.824554033577e-02
3.433927307129e+02 1.713514514267e-02
3.433937072754e+02 2.358223684132e-02
3.433946838379e+02 2.887607552111e-02
3.433956604004e+02 2.148175239563e-02
3.433966369629e+02 1.967937126756e-02
3.433976135254e+02 1.642251200974e-02
3.433985900879e+02 1.509074121714e-02
3.433995666504e+02 4.017991200089e-02
3.434005432129e+02 3.473222255707e-02
3.434015197754e+02 2.374825626612e-02
3.434024963379e+02 2.425427921116e-02
3.434034729004e+02 2.575132250786e-02
3.434044494629e+02 3.387243300676e-02
3.434054260254e+02 2.823144569993e-02
3.434064025879e+02 3.489325195551e-02
3.434073791504e+02 2.601970545948e-02
3.434083557129e+02 1.542238797992e-02
3.434093322754e+02 2.004552632570e-02
3.434103088379e+02 1.361667737365e-02
3.434112854004e+02 1.317244768143e-02
3.434122619629e+02 1.892762631178e-02
3.434132385254e+02 2.404170855880e-02
3.434142150879e+02 2.204518392682e-02
3.434151916504e+02 2.108262665570e-02
3.434161682129e+02 3.910296037793e-02
3.434171447754e+02 2.077873237431e-02
3.434181213379e+02 3.645611926913e-02
3.434190979004e+02 3.378107026219e-02
3.434200744629e+02 3.950780257583e-02
3.434210510254e+02 2.535855397582e-02
3.434220275879e+02 1.132490299642e-02
3.434230041504e+02 3.787388280034e-02
3.434239807129e+02 5.354842543602e-02
3.434249572754e+02 6.092439591885e-02
3.434259338379e+02 6.177102029324e-02
3.434269104004e+02 7.146228104830e-02
3.434278869629e+02 7.242935150862e-02
3.434288635254e+02 7.802240550518e-02
3.434298400879e+02 6.712999939919e-02
3.434308166504e+02 5.785802751780e-02
3.434317932129e+02 5.040538311005e-02
3.434327697754e+02 6.347952038050e-02
3.434337463379e+02 5.055477842689e-02
3.434347229004e+02 4.244647175074e-02
3.434356994629e+02 4.100564494729e-02
3.434366760254e+02 2.714192308486e-02
3.434376525879e+02 2.138553000987e-02
3.434386291504e+02 1.686121709645e-02
3.434396057129e+02 1.596644707024e-02
3.434405822754e+02 1.487208623439e-02
3.434415588379e+02 2.309563569725e-02
3.434425354004e+02 3.408225253224e-02
3.434435119629e+02 3.748156502843e-02
3.434444885254e+02 2.661907300353e-02
3.434454650879e+02 2.996767684817e-02
3.434464416504e+02 2.034720592201e-02
3.434474182129e+02 1.615154929459e-02
3.434483947754e+02 4.839577712119e-03
3.434493713379e+02 1.766180433333e-02
3.434503479004e+02 1.340141892433e-02
3.434513244629e+02 9.361897595227e-03
3.434523010254e+02 2.108552120626e-02
3.434532775879e+02 2.065391279757e-02
3.434542541504e+02 3.454575687647e-02
3.434552307129e+02 2.637459710240e-02
3.434562072754e+02 2.553643472493e-02
3.434571838379e+02 1.925009116530e-02
3.434581604004e+02 1.616000570357e-02
3.434591369629e+02 1.484943740070e-02
3.434601135254e+02 2.003223076463e-02
3.434610900879e+02 1.897433213890e-02
3.434620666504e+02 1.843785680830e-02
3.434630432129e+02 2.665567956865e-02
3.434640197754e+02 2.723328582942e-02
3.434649963379e+02 2.310657873750e-02
3.434659729004e+02 3.208493441343e-02
3.434669494629e+02 1.770917326212e-02
3.434679260254e+02 1.414632890373e-02
3.434689025879e+02 1.035508606583e-02
3.434698791504e+02 1.693470776081e-02
3.434708557129e+02 3.008223138750e-02
3.434718322754e+02 3.503749147058e-02
3.434728088379e+02 2.421041578054e-02
3.434737854004e+02 2.435006201267e-02
3.434747619629e+02 4.704365506768e-02
3.434757385254e+02 2.826277911663e-02
3.434767150879e+02 2.106492035091e-02
3.434776916504e+02 3.106895089149e-02
3.434786682129e+02 3.086335025728e-02
3.434796447754e+02 2.007022313774e-02
3.434806213379e+02 1.534710172564e-02
3.434815979004e+02 3.342851623893e-02
3.434825744629e+02 4.076532274485e-02
3.434835510254e+02 4.650004580617e-02
3.434845275879e+02 3.288906440139e-02
3.434855041504e+02 3.286826983094e-02
3.434864807129e+02 1.493142638355e-02
3.434874572754e+02 2.452955953777e-02
3.434884338379e+02 2.647158131003e-02
3.434894104004e+02 2.462164126337e-02
3.434903869629e+02 3.141301870346e-02
3.434913635254e+02 1.760843768716e-02
3.434923400879e+02 3.309802711010e-02
3.434933166504e+02 3.966834768653e-02
3.434942932129e+02 2.855186350644e-02
3.434952697754e+02 3.632821142673e-02
3.434962463379e+02 2.324821054935e-02
3.434972229004e+02 2.468016743660e-02
3.434981994629e+02 2.771365828812e-02
3.434991760254e+02 2.907805331051e-02
3.435001525879e+02 3.618346527219e-02
3.435011291504e+02 3.998477384448e-02
3.435021057129e+02 4.606010019779e-02
3.435030822754e+02 5.247642844915e-02
3.435040588379e+02 3.891850262880e-02
3.435050354004e+02 2.121920138597e-02
3.435060119629e+02 3.095297701657e-02
3.435069885254e+02 2.939107082784e-02
3.435079650879e+02 2.322080358863e-02
3.435089416504e+02 2.729329839349e-02
3.435099182129e+02 2.248968556523e-02
3.435108947754e+02 2.514642663300e-02
3.435118713379e+02 1.533469092101e-02
3.435128479004e+02 2.249428257346e-02
3.435138244629e+02 2.030277624726e-02
3.435148010254e+02 2.367180027068e-02
3.435157775879e+02 1.164695434272e-02
3.435167541504e+02 2.737556770444e-02
3.435177307129e+02 2.271694317460e-02
3.435187072754e+02 1.561092212796e-02
3.435196838379e+02 1.407267432660e-02
3.435206604004e+02 2.125065214932e-02
3.435216369629e+02 4.305727779865e-02
3.435226135254e+02 3.687109798193e-02
3.435235900879e+02 2.650883421302e-02
3.435245666504e+02 3.669990599155e-02
3.435255432129e+02 3.640232980251e-02
3.435265197754e+02 3.048847615719e-02
3.435274963379e+02 1.372255571187e-02
3.435284729004e+02 3.040428087115e-02
3.435294494629e+02 3.612428903580e-02
3.435304260254e+02 2.815411053598e-02
3.435314025879e+02 3.682249411941e-02
3.435323791504e+02 2.923754043877e-02
3.435333557129e+02 3.121444396675e-02
3.435343322754e+02 3.132298216224e-02
3.435353088379e+02 2.913183346391e-02
3.435362854004e+02 3.390994295478e-02
3.435372619629e+02 1.500279456377e-02
3.435382385254e+02 9.746225550771e-03
3.435392150879e+02 2.155562303960e-02
3.435401916504e+02 1.408712752163e-02
3.435411682129e+02 1.612938754261e-02
3.435421447754e+02 2.520941011608e-02
3.435431213379e+02 2.269575186074e-02
3.435440979004e+02 1.966989599168e-02
3.435450744629e+02 2.845186926425e-02
3.435460510254e+02 3.125578537583e-02
3.435470275879e+02 2.179420925677e-02
3.435480041504e+02 3.423981368542e-02
3.435489807129e+02 2.847487293184e-02
3.435499572754e+02 1.054960023612e-02
3.435509338379e+02 9.702947922051e-03
3.435519104004e+02 3.184568136930e-02
3.435528869629e+02 4.198799654841e-02
3.435538635254e+02 2.490147948265e-02
3.435548400879e+02 1.390738505870e-02
3.435558166504e+02 2.413099166006e-03
3.435567932129e+02 1.827734149992e-02
3.435577697754e+02 1.594475470483e-02
3.435587463379e+02 3.506211563945e-02
3.435597229004e+02 1.803108863533e-02
3.435606994629e+02 2.759147994220e-02
3.435616760254e+02 2.487538568676e-02
3.435626525879e+02 4.560339450836e-02
3.435636291504e+02 2.207397110760e-02
3.435646057129e+02 1.952325925231e-02
3.435655822754e+02 1.149062253535e-02
3.435665588379e+02 2.209048904479e-02
3.435675354004e+02 2.373789809644e-02
3.435685119629e+02 1.975901611149e-02
3.435694885254e+02 3.355870768428e-02
3.435704650879e+02 2.515130117536e-02
3.435714416504e+02 1.321723312140e-02
3.435724182129e+02 2.339016273618e-02
3.435733947754e+02 4.028502479196e-02
3.435743713379e+02 2.890021912754e-02
3.435753479004e+02 1.848382409662e-03
3.435763244629e+02 1.533484738320e-02
3.435773010254e+02 2.013459801674e-02
3.435782775879e+02 1.019881106913e-02
3.435792541504e+02 1.437591109425e-02
3.435802307129e+02 2.740677259862e-02
3.435812072754e+02 2.495313063264e-02
3.435821838379e+02 1.451459247619e-02
3.435831604004e+02 1.722552254796e-02
3.435841369629e+02 2.606748417020e-02
3.435851135254e+02 2.151759527624e-02
3.435860900879e+02 3.082435764372e-02
3.435870666504e+02 2.842438966036e-02
3.435880432129e+02 3.257644549012e-02
3.435890197754e+02 3.402375802398e-02
3.435899963379e+02 2.856054715812e-02
3.435909729004e+02 3.231521695852e-02
3.435919494629e+02 3.347467258573e-02
3.435929260254e+02 3.456081822515e-02
3.435939025879e+02 2.876280434430e-02
3.435948791504e+02 2.005431056023e-02
3.435958557129e+02 2.235850319266e-02
3.435968322754e+02 2.794635668397e-02
3.435978088379e+02 1.964217983186e-02
3.435987854004e+02 7.250820286572e-03
3.435997619629e+02 1.802231930196e-02
3.436007385254e+02 1.985446736217e-02
3.436017150879e+02 2.383071556687e-02
3.436026916504e+02 1.851310208440e-02
3.436036682129e+02 3.811668977141e-02
3.436046447754e+02 2.826024964452e-02
3.436056213379e+02 3.473586589098e-02
3.436065979004e+02 3.951866179705e-02
3.436075744629e+02 3.877179324627e-02
3.436085510254e+02 1.787501573563e-02
3.436095275879e+02 2.357154898345e-02
3.436105041504e+02 2.089623734355e-02
3.436114807129e+02 2.821631729603e-02
3.436124572754e+02 3.263500332832e-02
3.436134338379e+02 3.197940811515e-02
3.436144104004e+02 3.221764788032e-02
3.436153869629e+02 3.396127372980e-02
3.436163635254e+02 3.014558553696e-02
3.436173400879e+02 2.763538435102e-02
3.436183166504e+02 2.819985896349e-02
3.436192932129e+02 3.340174630284e-02
3.436202697754e+02 4.205162078142e-02
3.436212463379e+02 3.601889312267e-02
3.436222229004e+02 2.705492824316e-02
3.436231994629e+02 3.443292528391e-02
3.436241760254e+02 2.643558941782e-02
3.436251525879e+02 2.524487860501e-02
3.436261291504e+02 1.781842298806e-02
3.436271057129e+02 1.810677908361e-02
3.436280822754e+02 2.077238075435e-02
3.436290588379e+02 2.205944806337e-02
3.436300354004e+02 1.875462755561e-02
3.436310119629e+02 3.672320395708e-02
3.436319885254e+02 2.821518480778e-02
3.436329650879e+02 2.137099765241e-02
3.436339416504e+02 1.872051507235e-02
3.436349182129e+02 2.516870386899e-02
3.436358947754e+02 3.237887844443e-02
3.436368713379e+02 1.919153332710e-02
3.436378479004e+02 1.865892484784e-02
3.436388244629e+02 2.361799404025e-02
3.436398010254e+02 1.975292712450e-02
3.436407775879e+02 2.530087903142e-02
3.436417541504e+02 2.924738451838e-02
3.436427307129e+02 2.643946558237e-02
3.436437072754e+02 1.764284819365e-02
3.436446838379e+02 8.643659763038e-03
3.436456604004e+02 4.015990532935e-03
3.436466369629e+02 3.490046039224e-02
3.436476135254e+02 4.218045622110e-02
3.436485900879e+02 4.011603444815e-02
3.436495666504e+02 3.058453463018e-02
3.436505432129e+02 3.060492873192e-02
3.436515197754e+02 3.980835899711e-02
3.436524963379e+02 4.714697599411e-02
3.436534729004e+02 3.886925056577e-02
3.436544494629e+02 3.926436603069e-02
3.436554260254e+02 3.744630888104e-02
3.436564025879e+02 4.220031574368e-02
3.436573791504e+02 2.805261313915e-02
3.436583557129e+02 4.055078700185e-02
3.436593322754e+02 3.964683786035e-02
3.436603088379e+02 2.320363931358e-02
3.436612854004e+02 2.914833091199e-02
3.436622619629e+02 2.102888561785e-02
3.436632385254e+02 2.688450738788e-02
3.436642150879e+02 1.733732596040e-02
3.436651916504e+02 1.365512888879e-02
3.436661682129e+02 1.330495625734e-02
3.436671447754e+02 3.142100200057e-02
3.436681213379e+02 1.867687143385e-02
3.436690979004e+02 2.908289059997e-02
3.436700744629e+02 1.715599931777e-02
3.436710510254e+02 3.074921853840e-02
3.436720275879e+02 3.413612395525e-02
3.436730041504e+02 2.956836111844e-02
3.436739807129e+02 1.667852140963e-02
3.436749572754e+02 2.363107167184e-02
3.436759338379e+02 3.622152283788e-02
3.436769104004e+02 2.598811127245e-02
3.436778869629e+02 2.748823724687e-02
3.436788635254e+02 1.897598616779e-02
3.436798400879e+02 3.041105531156e-02
3.436808166504e+02 1.718170009553e-02
3.436817932129e+02 3.214468434453e-02
3.436827697754e+02 3.831647709012e-02
3.436837463379e+02 2.389298006892e-02
3.436847229004e+02 2.658076211810e-02
3.436856994629e+02 3.032057732344e-02
3.436866760254e+02 3.890135884285e-02
3.436876525879e+02 4.156187549233e-02
3.436886291504e+02 2.697709947824e-02
3.436896057129e+02 1.044944114983e-02
3.436905822754e+02 2.751246094704e-02
3.436915588379e+02 2.520501054823e-02
3.436925354004e+02 2.444432675838e-02
3.436935119629e+02 2.191434055567e-02
3.436944885254e+02 1.771846786141e-02
3.436954650879e+02 2.360964007676e-02
3.436964416504e+02 3.562949970365e-02
3.436974182129e+02 3.499896451831e-02
3.436983947754e+02 3.059804067016e-02
3.436993713379e+02 2.893369644880e-02
3.437003479004e+02 2.809878811240e-02
3.437013244629e+02 2.750141546130e-02
3.437023010254e+02 2.169233933091e-02
3.437032775879e+02 2.441631071270e-02
3.437042541504e+02 2.748445421457e-02
3.437052307129e+02 2.741311676800e-02
3.437062072754e+02 7.882145233452e-03
3.437071838379e+02 3.607580065727e-02
3.437081604004e+02 3.731075301766e-02
3.437091369629e+02 1.320600043982e-02
3.437101135254e+02 2.414545044303e-02
3.437110900879e+02 4.721384122968e-02
3.437120666504e+02 4.388592764735e-02
3.437130432129e+02 3.946487978101e-02
3.437140197754e+02 2.790986187756e-02
3.437149963379e+02 1.986812800169e-02
3.437159729004e+02 1.232144143432e-02
3.437169494629e+02 1.863782852888e-02
3.437179260254e+02 3.189257904887e-02
3.437189025879e+02 2.673712000251e-02
3.437198791504e+02 2.676456794143e-02
3.437208557129e+02 3.184673935175e-02
3.437218322754e+02 2.780878916383e-02
3.437228088379e+02 9.913085028529e-03
3.437237854004e+02 2.047264948487e-02
3.437247619629e+02 2.957330644131e-02
3.437257385254e+02 1.565229706466e-02
3.437267150879e+02 1.342501305044e-02
3.437276916504e+02 2.470599301159e-02
3.437286682129e+02 3.957258164883e-02
3.437296447754e+02 4.221941530704e-02
3.437306213379e+02 3.809260949492e-02
3.437315979004e+02 3.154607862234e-02
3.437325744629e+02 4.727929085493e-02
3.437335510254e+02 3.731778636575e-02
3.437345275879e+02 2.405745722353e-02
3.437355041504e+02 2.086980454624e-02
3.437364807129e+02 2.020972222090e-02
3.437374572754e+02 2.629142813385e-02
3.437384338379e+02 2.899119630456e-02
3.437394104004e+02 1.229097228497e-02
3.437403869629e+02 1.258404925466e-02
3.437413635254e+02 9.521092288196e-03
3.437423400879e+02 1.615047082305e-02
3.437433166504e+02 3.274322301149e-02
3.437442932129e+02 1.465658843517e-02
3.437452697754e+02 2.180584892631e-02
3.437462463379e+02 2.943097241223e-02
3.437472229004e+02 3.387447074056e-02
3.437481994629e+02 2.851685881615e-02
3.437491760254e+02 2.849925868213e-02
3.437501525879e+02 4.738819226623e-02
3.437511291504e+02 3.732612729073e-02
3.437521057129e+02 3.093744069338e-02
3.437530822754e+02 3.712510690093e-02
3.437540588379e+02 4.869724437594e-02
3.437550354004e+02 2.950519882143e-02
3.437560119629e+02 2.890516072512e-02
3.437569885254e+02 3.324409946799e-02
3.437579650879e+02 2.970003150403e-02
3.437589416504e+02 3.377511352301e-02
3.437599182129e+02 3.171280026436e-02
3.437608947754e+02 4.074423015118e-02
3.437618713379e+02 3.020847961307e-02
3.437628479004e+02 3.119272738695e-02
3.437638244629e+02 4.645398631692e-02
3.437648010254e+02 5.917656794190e-02
3.437657775879e+02 5.185805633664e-02
3.437667541504e+02 3.405213356018e-02
3.437677307129e+02 5.228247866035e-02
3.437687072754e+02 3.005092032254e-02
3.437696838379e+02 2.355380170047e-02
3.437706604004e+02 2.692647650838e-02
3.437716369629e+02 5.079043284059e-02
3.437726135254e+02 7.186045497656e-02
3.437735900879e+02 1.284785568714e-01
3.437745666504e+02 1.869651973248e-01
3.437755432129e+02 2.598273754120e-01
3.437765197754e+02 3.490593135357e-01
3.437774963379e+02 4.222258627415e-01
3.437784729004e+02 4.879585504532e-01
3.437794494629e+02 5.407267212868e-01
3.437804260254e+02 5.671079754829e-01
3.437814025879e+02 6.119892597198e-01
3.437823791504e+02 6.413720846176e-01
3.437833557129e+02 6.727281808853e-01
3.437843017578e+02 6.724009513855e-01
3.437852783203e+02 6.072450280190e-01
3.437862548828e+02 5.163360834122e-01
3.437872314453e+02 4.230563044548e-01
3.437882080078e+02 3.383763134480e-01
3.437891845703e+02 2.717284858227e-01
3.437901611328e+02 2.128075808287e-01
3.437911376953e+02 1.712754666805e-01
3.437921142578e+02 1.356101632118e-01
3.437930908203e+02 1.016538441181e-01
3.437940673828e+02 8.780393004417e-02
3.437950439453e+02 9.328360855579e-02
3.437960205078e+02 5.648485943675e-02
3.437969970703e+02 5.612208321691e-02
3.437979736328e+02 6.659035384655e-02
3.437989501953e+02 7.047390192747e-02
3.437999267578e+02 6.824720650911e-02
3.438009033203e+02 6.116317957640e-02
3.438018798828e+02 5.100724846125e-02
3.438028564453e+02 3.167315199971e-02
3.438038330078e+02 1.763809844851e-02
3.438048095703e+02 2.693472988904e-02
3.438057861328e+02 3.751537203789e-02
3.438067626953e+02 1.702929474413e-02
3.438077392578e+02 2.359078824520e-02
3.438087158203e+02 2.370551228523e-02
3.438096923828e+02 2.296113967896e-02
3.438106689453e+02 3.617025539279e-02
3.438116455078e+02 2.277984656394e-02
3.438126220703e+02 1.956338062882e-02
3.438135986328e+02 2.943661250174e-02
3.438145751953e+02 2.602035552263e-02
3.438155517578e+02 3.191238641739e-02
3.438165283203e+02 4.775951802731e-02
3.438175048828e+02 4.321508482099e-02
3.438184814453e+02 2.377423830330e-02
3.438194580078e+02 2.589436620474e-02
3.438204345703e+02 1.782534457743e-02
3.438214111328e+02 6.493469234556e-03
3.438223876953e+02 7.558675482869e-03
3.438233642578e+02 2.211315929890e-02
3.438243408203e+02 3.714420273900e-02
3.438253173828e+02 2.716498263180e-02
3.438262939453e+02 1.923804357648e-02
3.438272705078e+02 2.969027869403e-02
3.438282470703e+02 4.364781454206e-02
3.438292236328e+02 3.330421447754e-02
3.438302001953e+02 2.230804227293e-02
3.438311767578e+02 2.695919945836e-02
3.438321533203e+02 3.736779838800e-02
3.438331298828e+02 3.367406129837e-02
3.438341064453e+02 2.859486825764e-02
3.438350830078e+02 2.888198569417e-02
3.438360595703e+02 7.006984204054e-03
3.438370361328e+02 1.211612671614e-02
3.438380126953e+02 1.906281523407e-02
3.438389892578e+02 1.974720694125e-02
3.438399658203e+02 1.768080890179e-02
3.438409423828e+02 4.388686269522e-02
3.438419189453e+02 3.205928951502e-02
3.438428955078e+02 1.482499856502e-02
3.438438720703e+02 2.422360330820e-02
3.438448486328e+02 1.920101232827e-02
3.438458251953e+02 4.535679146647e-02
3.438468017578e+02 3.691133484244e-02
3.438477783203e+02 2.615069597960e-02
3.438487548828e+02 3.580182418227e-02
3.438497314453e+02 2.891317941248e-02
3.438507080078e+02 3.807364776731e-02
3.438516845703e+02 2.272132970393e-02
3.438526611328e+02 3.661497682333e-02
3.438536376953e+02 3.015631809831e-02
3.438546142578e+02 1.744998618960e-02
3.438555908203e+02 3.105495125055e-02
3.438565673828e+02 3.767865523696e-02
3.438575439453e+02 1.932032406330e-02
3.438585205078e+02 3.342060372233e-02
3.438594970703e+02 3.477484360337e-02
3.438604736328e+02 3.434148803353e-02
3.438614501953e+02 2.765453793108e-02
3.438624267578e+02 3.219078481197e-02
3.438634033203e+02 3.224762529135e-02
3.438643798828e+02 2.757945284247e-02
3.438653564453e+02 3.508501127362e-02
3.438663330078e+02 4.678629338741e-02
3.438673095703e+02 4.587556794286e-02
3.438682861328e+02 6.437094509602e-02
3.438692626953e+02 1.058537065983e-01
3.438702392578e+02 1.487901657820e-01
3.438712158203e+02 1.909925490618e-01
3.438721923828e+02 2.289330810308e-01
3.438731689453e+02 2.603763341904e-01
3.438741455078e+02 2.919391691685e-01
3.438751220703e+02 3.326043486595e-01
3.438760986328e+02 3.562926054001e-01
3.438770751953e+02 3.635393381119e-01
3.438780517578e+02 3.496887087822e-01
3.438790283203e+02 2.967679500580e-01
3.438800048828e+02 2.390186786652e-01
3.438809814453e+02 1.858060657978e-01
3.438819580078e+02 1.249049454927e-01
3.438829345703e+02 9.643630683422e-02
3.438839111328e+02 6.795270740986e-02
3.438848876953e+02 4.838938266039e-02
3.438858642578e+02 7.053297758102e-02
3.438868408203e+02 4.418136551976e-02
3.438878173828e+02 3.630326688290e-02
3.438887939453e+02 2.374777756631e-02
3.438897705078e+02 2.001797035336e-02
3.438907470703e+02 2.898740954697e-02
