#title: Spectral profile - WHya_spw0.image-raster
#region (world): Ellipse[[13:49:01.948, -28d22m04.609], [13:49:01.929, -28d22m04.359]]
#region (pixel): Ellipse[[229, 221], [279, 271]]
#coordinate: world
#xLabel: frequency [GHz]
#yLabel: [Jy] Flux Density

# WHya_spw0.image-raster
3.303833923340e+02 -5.829222965986e-03
3.303853454590e+02 -2.121491171420e-02
3.303872985840e+02 -2.090118639171e-02
3.303892211914e+02 -1.649446971714e-02
3.303911743164e+02 -2.341372519732e-02
3.303931274414e+02 -2.830473519862e-02
3.303950805664e+02 -2.652401104569e-02
3.303970336914e+02 -3.028863854706e-02
3.303989868164e+02 -2.263897284865e-02
3.304009399414e+02 -2.158752270043e-02
3.304028930664e+02 -2.585658617318e-02
3.304048461914e+02 -2.466276846826e-02
3.304067993164e+02 -3.133236616850e-02
3.304087524414e+02 -2.148972824216e-02
3.304107055664e+02 -1.562940888107e-02
3.304126586914e+02 -2.113182656467e-02
3.304146118164e+02 -7.268582005054e-03
3.304165649414e+02 -2.119772322476e-02
3.304185180664e+02 -2.510836161673e-02
3.304204711914e+02 -3.666893392801e-02
3.304224243164e+02 -3.106423094869e-02
3.304243774414e+02 -3.133391588926e-02
3.304263305664e+02 -1.793384552002e-02
3.304282836914e+02 3.351477906108e-02
3.304302368164e+02 7.853027433157e-02
3.304321899414e+02 6.697187572718e-02
3.304341430664e+02 5.355157703161e-02
3.304360961914e+02 4.375765472651e-02
3.304380493164e+02 -1.742492197081e-03
3.304400024414e+02 -2.810744009912e-02
3.304419555664e+02 -4.522150754929e-02
3.304439086914e+02 -3.069204278290e-02
3.304458618164e+02 -3.434067219496e-02
3.304478149414e+02 -3.250239416957e-02
3.304497680664e+02 -2.723710425198e-02
3.304517211914e+02 -1.464956812561e-02
3.304536743164e+02 -1.517278421670e-02
3.304556274414e+02 -2.020029164851e-02
3.304575805664e+02 -1.553307473660e-02
3.304595336914e+02 -1.632232218981e-02
3.304614868164e+02 -1.917804591358e-02
3.304634399414e+02 -2.670363150537e-02
3.304653930664e+02 -2.595870010555e-02
3.304673461914e+02 -1.764445006847e-02
3.304692993164e+02 -1.805501990020e-02
3.304712524414e+02 -2.520394325256e-02
3.304732055664e+02 -3.294461639598e-03
3.304751586914e+02 8.465231512673e-04
3.304771118164e+02 -1.207151077688e-02
3.304790649414e+02 -1.488753128797e-02
3.304810180664e+02 -1.784169301391e-02
3.304829711914e+02 -2.018263936043e-02
3.304849243164e+02 -2.446547150612e-02
3.304868774414e+02 -2.395899966359e-02
3.304888305664e+02 -2.680391632020e-02
3.304907836914e+02 -2.090741880238e-02
3.304927368164e+02 -1.489755883813e-02
3.304946899414e+02 -2.207696624100e-02
3.304966430664e+02 -2.155112661421e-02
3.304985961914e+02 -2.244816161692e-02
3.305005493164e+02 -2.386108413339e-02
3.305025024414e+02 -2.201873622835e-02
3.305044555664e+02 -1.378760766238e-02
3.305064086914e+02 -6.824032869190e-03
3.305083618164e+02 -8.682258427143e-03
3.305103149414e+02 -1.409162487835e-02
3.305122680664e+02 -1.291088666767e-02
3.305142211914e+02 -2.271105349064e-02
3.305161743164e+02 -1.341753453016e-02
3.305181274414e+02 -2.457231469452e-02
3.305200805664e+02 -1.978206820786e-02
3.305220336914e+02 -2.229192480445e-02
3.305239868164e+02 -2.377217262983e-02
3.305259399414e+02 -1.806385815144e-02
3.305278930664e+02 -2.003116905689e-02
3.305298461914e+02 -2.064423263073e-02
3.305317993164e+02 -3.500366583467e-02
3.305337524414e+02 -3.766928613186e-02
3.305357055664e+02 -1.188134681433e-02
3.305376586914e+02 4.170135036111e-02
3.305396118164e+02 1.226553171873e-01
3.305415649414e+02 2.117104977369e-01
3.305435180664e+02 2.992793619633e-01
3.305454711914e+02 2.771752178669e-01
3.305474243164e+02 1.859243661165e-01
3.305493774414e+02 1.041643917561e-01
3.305513305664e+02 2.247222140431e-02
3.305532836914e+02 -1.387102529407e-02
3.305552368164e+02 -2.049762383103e-02
3.305571899414e+02 -3.175023943186e-02
3.305591430664e+02 -2.461970411241e-02
3.305610961914e+02 -1.342672016472e-02
3.305630493164e+02 -1.234291866422e-02
3.305650024414e+02 -1.375301554799e-02
3.305669555664e+02 -1.640148274601e-02
3.305689086914e+02 -1.558694522828e-02
3.305708618164e+02 -1.353300269693e-02
3.305728149414e+02 -1.727263256907e-02
3.305747680664e+02 -1.549036148936e-02
3.305767211914e+02 -1.023368351161e-02
3.305786743164e+02 -3.555747866631e-02
3.305806274414e+02 -2.412999421358e-02
3.305825805664e+02 -3.530209884048e-02
3.305845336914e+02 -2.682873979211e-02
3.305864868164e+02 -2.269174158573e-02
3.305884399414e+02 -1.590562611818e-02
3.305903930664e+02 -3.555566817522e-02
3.305923461914e+02 -2.924139425159e-02
3.305942993164e+02 -3.238091990352e-02
3.305962524414e+02 -2.889138460159e-02
3.305982055664e+02 -3.431572020054e-02
3.306001586914e+02 -3.159332275391e-02
3.306021118164e+02 -2.845355123281e-02
3.306040649414e+02 -1.691600121558e-02
3.306060180664e+02 -3.145334869623e-02
3.306079711914e+02 -3.413576632738e-02
3.306099243164e+02 -2.809967100620e-02
3.306118774414e+02 -1.486690808088e-02
3.306138305664e+02 -2.056272327900e-02
3.306157836914e+02 -1.604763790965e-02
3.306177368164e+02 -1.624225266278e-02
3.306196899414e+02 -8.879436179996e-03
3.306216430664e+02 -1.054596249014e-02
3.306235961914e+02 -1.405598875135e-02
3.306255493164e+02 -1.076547708362e-02
3.306275024414e+02 -1.388638652861e-02
3.306294555664e+02 -2.020051889122e-02
3.306314086914e+02 -9.408085606992e-03
3.306333618164e+02 -1.429669186473e-02
3.306353149414e+02 -1.857306249440e-02
3.306372680664e+02 -2.167488634586e-02
3.306392211914e+02 -1.453969441354e-02
3.306411743164e+02 -2.494345791638e-02
3.306431274414e+02 -2.790134772658e-02
3.306450805664e+02 -1.969063654542e-02
3.306470336914e+02 -3.001994267106e-02
3.306489868164e+02 -1.256721746176e-02
3.306509399414e+02 -1.920826546848e-02
3.306528930664e+02 -3.266291320324e-02
3.306548461914e+02 -2.877070009708e-02
3.306567993164e+02 -3.207416832447e-02
3.306587524414e+02 -1.924223639071e-02
3.306607055664e+02 -1.898396946490e-02
3.306626586914e+02 -1.899566873908e-02
3.306646118164e+02 -2.187038213015e-02
3.306665649414e+02 -2.423584647477e-02
3.306685180664e+02 -1.877677440643e-02
3.306704711914e+02 -3.252022713423e-02
3.306724243164e+02 -3.043110482395e-02
3.306743774414e+02 -2.130732126534e-02
3.306763305664e+02 -2.048662118614e-02
3.306782836914e+02 -2.106678672135e-02
3.306802368164e+02 -2.253230474889e-02
3.306821899414e+02 -1.903630606830e-02
3.306841430664e+02 -2.669690176845e-02
3.306860961914e+02 -1.774197816849e-02
3.306880493164e+02 -1.811418309808e-02
3.306900024414e+02 -1.807475648820e-02
3.306919555664e+02 -2.189499512315e-02
3.306939086914e+02 -1.476467959583e-02
3.306958618164e+02 -1.904951408505e-02
3.306978149414e+02 -1.293786522001e-02
3.306997680664e+02 -2.790869399905e-02
3.307017211914e+02 -3.056641481817e-02
3.307036743164e+02 -2.392576076090e-02
3.307056274414e+02 -2.415376901627e-02
3.307075805664e+02 -1.377190928906e-02
3.307095336914e+02 -1.440675929189e-02
3.307114868164e+02 -1.691995188594e-02
3.307134399414e+02 -2.397306449711e-02
3.307153930664e+02 -1.480352226645e-02
3.307173461914e+02 -1.627126522362e-02
3.307192993164e+02 -3.269827365875e-02
3.307212524414e+02 -2.543625049293e-02
3.307232055664e+02 -3.282053396106e-02
3.307251586914e+02 -1.174404285848e-02
3.307271118164e+02 -1.047578733414e-02
3.307290649414e+02 -3.263406455517e-02
3.307310180664e+02 -1.670726947486e-02
3.307329711914e+02 -2.435952238739e-02
3.307349243164e+02 -1.368730980903e-02
3.307368774414e+02 -9.072074666619e-03
3.307388305664e+02 -1.929987780750e-02
3.307407836914e+02 -2.142176218331e-02
3.307427368164e+02 -2.287765219808e-02
3.307446899414e+02 -1.533602178097e-02
3.307466430664e+02 -2.463883161545e-02
3.307485961914e+02 -2.556286565959e-02
3.307505493164e+02 -3.143670037389e-02
3.307525024414e+02 -2.558139525354e-02
3.307544555664e+02 -2.612131088972e-02
3.307564086914e+02 -2.658236026764e-02
3.307583618164e+02 -2.447021007538e-02
3.307603149414e+02 -2.352837100625e-02
3.307622680664e+02 -2.834585681558e-02
3.307642211914e+02 -3.151625022292e-02
3.307661743164e+02 -2.414656430483e-02
3.307681274414e+02 -1.917259395123e-02
3.307700805664e+02 -2.459233812988e-02
3.307720336914e+02 -2.789708413184e-02
3.307739868164e+02 -2.790387719870e-02
3.307759399414e+02 -2.457386255264e-02
3.307778930664e+02 -2.770258113742e-02
3.307798461914e+02 -2.209942229092e-02
3.307817993164e+02 -1.796426810324e-02
3.307837524414e+02 -2.247170731425e-02
3.307857055664e+02 -1.957306079566e-02
3.307876586914e+02 -2.785985916853e-02
3.307896118164e+02 -3.324148431420e-02
3.307915649414e+02 -2.680591121316e-02
3.307935180664e+02 -1.672479696572e-02
3.307954711914e+02 -1.482180040330e-02
3.307974243164e+02 -2.251033484936e-02
3.307993774414e+02 -1.839764229953e-02
3.308013305664e+02 -3.886268660426e-02
3.308032836914e+02 -2.874366566539e-02
3.308052368164e+02 -1.289050746709e-02
3.308071899414e+02 -2.692489139736e-02
3.308091430664e+02 -1.956836879253e-02
3.308110961914e+02 -9.931096807122e-03
3.308130493164e+02 -1.417130697519e-02
3.308150024414e+02 -1.873905584216e-02
3.308169555664e+02 -2.554069459438e-02
3.308189086914e+02 -2.778904139996e-02
3.308208618164e+02 -2.412511780858e-02
3.308228149414e+02 -2.981550060213e-02
3.308247680664e+02 -1.471279002726e-02
3.308267211914e+02 -3.691842779517e-02
3.308286743164e+02 -4.532941430807e-02
3.308306274414e+02 -3.472203761339e-02
3.308325805664e+02 -1.980945467949e-02
3.308345336914e+02 -2.400453016162e-02
3.308364868164e+02 -2.143756300211e-02
3.308384399414e+02 -2.315567992628e-02
3.308403930664e+02 -2.627308666706e-02
3.308423461914e+02 -2.300290577114e-02
3.308442993164e+02 -2.580745518208e-02
3.308462524414e+02 -2.312677353621e-02
3.308482055664e+02 -1.898219250143e-02
3.308501586914e+02 -3.321688249707e-02
3.308521118164e+02 -3.023329563439e-02
3.308540649414e+02 -2.607120387256e-02
3.308560180664e+02 -3.969858959317e-02
3.308579711914e+02 -2.390496991575e-02
3.308599243164e+02 -1.158262882382e-02
3.308618774414e+02 -1.668165437877e-02
3.308638305664e+02 -1.679891161621e-02
3.308657836914e+02 -1.801412925124e-02
3.308677368164e+02 -1.779054850340e-02
3.308696899414e+02 -1.805341802537e-02
3.308716430664e+02 -1.784448884428e-02
3.308735961914e+02 -1.398009900004e-02
3.308755493164e+02 -1.256803981960e-02
3.308775024414e+02 -2.426258660853e-02
3.308794555664e+02 -1.475771423429e-02
3.308814086914e+02 -1.831606775522e-02
3.308833618164e+02 -2.352132461965e-02
3.308853149414e+02 -2.522297389805e-02
3.308872680664e+02 -2.664147503674e-02
3.308892211914e+02 -2.556161396205e-02
3.308911743164e+02 -2.760944329202e-02
3.308931274414e+02 -2.561861835420e-02
3.308950805664e+02 -2.435301244259e-02
3.308970336914e+02 -2.038322389126e-02
3.308989868164e+02 -2.250684052706e-02
3.309009399414e+02 -2.148224785924e-02
3.309028625488e+02 -1.342643890530e-02
3.309048156738e+02 -1.103196572512e-02
3.309067687988e+02 -1.659352704883e-02
3.309087219238e+02 -2.155514433980e-02
3.309106750488e+02 -2.887016534805e-02
3.309126281738e+02 -2.172477729619e-02
3.309145812988e+02 -1.517013926059e-02
3.309165344238e+02 -1.753854379058e-02
3.309184875488e+02 -1.540823280811e-02
3.309204406738e+02 -2.004837058485e-02
3.309223937988e+02 -3.031506389380e-02
3.309243469238e+02 -3.089263103902e-02
3.309263000488e+02 -2.265991829336e-02
3.309282531738e+02 -1.517445873469e-02
3.309302062988e+02 -2.041866257787e-02
3.309321594238e+02 -1.954175531864e-02
3.309341125488e+02 -2.749468572438e-02
3.309360656738e+02 -2.174918167293e-02
3.309380187988e+02 -1.916943676770e-02
3.309399719238e+02 -1.924801245332e-02
3.309419250488e+02 -2.133835479617e-02
3.309438781738e+02 -2.224252372980e-02
3.309458312988e+02 -2.105965279043e-02
3.309477844238e+02 -3.611936420202e-02
3.309497375488e+02 -2.394906990230e-02
3.309516906738e+02 -2.826028317213e-02
3.309536437988e+02 -2.035541832447e-02
3.309555969238e+02 -1.809607632458e-02
3.309575500488e+02 -2.060584537685e-02
3.309595031738e+02 -2.571094781160e-02
3.309614562988e+02 -2.423639595509e-02
3.309634094238e+02 -2.107291668653e-02
3.309653625488e+02 -3.239274397492e-02
3.309673156738e+02 -2.031241171062e-02
3.309692687988e+02 -1.234265696257e-02
3.309712219238e+02 -2.083772048354e-02
3.309731750488e+02 -2.171780355275e-02
3.309751281738e+02 -2.830368280411e-02
3.309770812988e+02 -1.908534206450e-02
3.309790344238e+02 -2.190683782101e-02
3.309809875488e+02 -2.083072997630e-02
3.309829406738e+02 -2.915258705616e-02
3.309848937988e+02 -1.604818366468e-02
3.309868469238e+02 -2.601852081716e-02
3.309888000488e+02 -2.466618083417e-02
3.309907531738e+02 -2.543355897069e-02
3.309927062988e+02 -3.061027638614e-02
3.309946594238e+02 -2.134700492024e-02
3.309966125488e+02 -1.231531333178e-02
3.309985656738e+02 -1.837104000151e-02
3.310005187988e+02 -1.694151200354e-02
3.310024719238e+02 -2.595575153828e-02
3.310044250488e+02 -2.000353857875e-02
3.310063781738e+02 -2.393545024097e-02
3.310083312988e+02 -3.057848289609e-02
3.310102844238e+02 -2.051234431565e-02
3.310122375488e+02 -2.457378245890e-02
3.310141906738e+02 -2.922067418694e-02
3.310161437988e+02 -2.059745043516e-02
3.310180969238e+02 -2.428551018238e-02
3.310200500488e+02 -1.200615614653e-02
3.310220031738e+02 -9.814616292715e-03
3.310239562988e+02 -1.632429286838e-02
3.310259094238e+02 -2.556135691702e-02
3.310278625488e+02 -1.878298446536e-02
3.310298156738e+02 -1.777143590152e-02
3.310317687988e+02 -2.102633565664e-02
3.310337219238e+02 -2.556502819061e-02
3.310356750488e+02 -3.002085164189e-02
3.310376281738e+02 -2.355455979705e-02
3.310395812988e+02 -1.919707283378e-02
3.310415344238e+02 -1.459474209696e-02
3.310434875488e+02 -1.469263434410e-02
3.310454406738e+02 -1.836726441979e-02
3.310473937988e+02 -1.383419334888e-02
3.310493469238e+02 -1.870406605303e-02
3.310513000488e+02 -2.287703007460e-02
3.310532531738e+02 -2.371440827847e-02
3.310552062988e+02 -2.199281193316e-02
3.310571594238e+02 -2.266632579267e-02
3.310591125488e+02 -1.113802660257e-02
3.310610656738e+02 -1.714511960745e-02
3.310630187988e+02 -2.120117098093e-02
3.310649719238e+02 -1.838618144393e-02
3.310669250488e+02 -3.557744994760e-02
3.310688781738e+02 -5.262819677591e-02
3.310708312988e+02 -4.603077843785e-02
3.310727844238e+02 -1.937161758542e-02
3.310747375488e+02 4.066499322653e-02
3.310766906738e+02 1.075673475862e-01
3.310786437988e+02 1.663314998150e-01
3.310805969238e+02 1.766029447317e-01
3.310825500488e+02 1.309951692820e-01
3.310845031738e+02 7.245152443647e-02
3.310864562988e+02 2.956363745034e-02
3.310884094238e+02 -4.713254980743e-03
3.310903625488e+02 -1.596741564572e-02
3.310923156738e+02 -2.908749133348e-02
3.310942687988e+02 -3.410820290446e-02
3.310962219238e+02 -3.618810698390e-02
3.310981750488e+02 -3.793689236045e-02
3.311001281738e+02 -3.336475044489e-02
3.311020812988e+02 -3.141214326024e-02
3.311040344238e+02 -2.446304820478e-02
3.311059875488e+02 -1.158501114696e-02
3.311079406738e+02 1.581785641611e-02
3.311098937988e+02 8.738521486521e-03
3.311118469238e+02 2.652222104371e-02
3.311138000488e+02 3.258026018739e-02
3.311157531738e+02 1.928279362619e-02
3.311177062988e+02 2.290722914040e-03
3.311196594238e+02 -1.616646349430e-02
3.311216125488e+02 -2.178808860481e-02
3.311235656738e+02 -2.363392710686e-02
3.311255187988e+02 -3.427206352353e-02
3.311274719238e+02 -3.316289931536e-02
3.311294250488e+02 -2.153373137116e-02
3.311313781738e+02 -2.724043652415e-02
3.311333312988e+02 -2.751889638603e-02
3.311352844238e+02 -2.870416827500e-02
3.311372375488e+02 -1.630703732371e-02
3.311391906738e+02 -2.114889770746e-02
3.311411437988e+02 -2.461239323020e-02
3.311430969238e+02 -2.403425611556e-02
3.311450500488e+02 -2.963752113283e-02
3.311470031738e+02 -2.452745102346e-02
3.311489562988e+02 -1.382749713957e-02
3.311509094238e+02 -3.123393096030e-02
3.311528625488e+02 -1.589296571910e-02
3.311548156738e+02 -3.188546374440e-02
3.311567687988e+02 -2.478057518601e-02
3.311587219238e+02 -1.783745363355e-02
3.311606750488e+02 -1.768521778286e-02
3.311626281738e+02 -1.193625945598e-02
3.311645812988e+02 -1.054829731584e-02
3.311665344238e+02 -8.634340949357e-03
3.311684875488e+02 -2.948587294668e-03
3.311704406738e+02 -5.736365914345e-03
3.311723937988e+02 -2.299862168729e-02
3.311743469238e+02 -1.775832287967e-02
3.311763000488e+02 -1.766683347523e-02
3.311782531738e+02 -2.403483539820e-02
3.311802062988e+02 -2.196207083762e-02
3.311821594238e+02 -1.394842565060e-02
3.311841125488e+02 -1.695643179119e-02
3.311860656738e+02 -2.558952756226e-02
3.311880187988e+02 -1.219176407903e-02
3.311899719238e+02 -8.383707143366e-03
3.311919250488e+02 -1.243070606142e-02
3.311938781738e+02 -1.300605759025e-02
3.311958312988e+02 -9.643350727856e-03
3.311977844238e+02 -3.064849646762e-03
3.311997375488e+02 -1.398887485266e-03
3.312016906738e+02 -7.249969989061e-03
3.312036437988e+02 -9.192938916385e-03
3.312055969238e+02 -1.065897289664e-02
3.312075500488e+02 -1.742223091424e-02
3.312095031738e+02 -2.633891254663e-02
3.312114562988e+02 -3.327860310674e-02
3.312134094238e+02 -2.790196426213e-02
3.312153625488e+02 -3.288770467043e-02
3.312173156738e+02 -2.045136317611e-02
3.312192687988e+02 -2.772688306868e-02
3.312212219238e+02 -2.131479978561e-02
3.312231750488e+02 -2.449613623321e-02
3.312251281738e+02 -2.104303985834e-02
3.312270812988e+02 -9.634589776397e-03
3.312290344238e+02 -2.066500112414e-02
3.312309875488e+02 -1.807960495353e-02
3.312329406738e+02 -2.154031209648e-02
3.312348937988e+02 -1.773332804441e-02
3.312368469238e+02 -1.678883843124e-02
3.312388000488e+02 -2.001809328794e-02
3.312407531738e+02 -1.562469266355e-02
3.312427062988e+02 -1.599993370473e-02
3.312446594238e+02 -2.282042242587e-02
3.312466125488e+02 -2.591856941581e-02
3.312485656738e+02 -3.142589330673e-02
3.312505187988e+02 -3.038267046213e-02
3.312524719238e+02 -3.300354257226e-02
3.312544250488e+02 -2.731158398092e-02
3.312563781738e+02 -1.624307222664e-02
3.312583312988e+02 -2.850150875747e-02
3.312602844238e+02 -2.476773783565e-02
3.312622375488e+02 -1.903681270778e-02
3.312641906738e+02 -2.317420020700e-02
3.312661437988e+02 -2.214200422168e-02
3.312680969238e+02 -3.079234994948e-02
3.312700500488e+02 -1.888581365347e-02
3.312720031738e+02 -9.243724867702e-03
3.312739562988e+02 -1.704032719135e-02
3.312759094238e+02 -9.559007361531e-03
3.312778625488e+02 -1.923683658242e-02
3.312798156738e+02 -8.700022473931e-03
3.312817687988e+02 -1.829684898257e-02
3.312837219238e+02 -2.084715478122e-02
3.312856750488e+02 -2.697656489909e-02
3.312876281738e+02 -2.957863919437e-02
3.312895812988e+02 -2.498491480947e-02
3.312915344238e+02 -1.829241029918e-02
3.312934875488e+02 -2.582702785730e-02
3.312954406738e+02 -3.104441426694e-02
3.312973937988e+02 -2.567723207176e-02
3.312993469238e+02 -2.069737575948e-02
3.313013000488e+02 -1.888152025640e-02
3.313032531738e+02 -1.793130114675e-02
3.313052062988e+02 -2.449069358408e-02
3.313071594238e+02 -2.335425652564e-02
3.313091125488e+02 -1.387424208224e-02
3.313110656738e+02 -1.822683587670e-02
3.313130187988e+02 -1.431266963482e-02
3.313149719238e+02 -1.130462344736e-02
3.313169250488e+02 -1.732488349080e-02
3.313188781738e+02 -1.538817863911e-02
3.313208312988e+02 0.000000000000e+00
