#title: Spectral profile - WHya_spw2.image-raster
#region (world): Ellipse[[13:49:01.948, -28d22m04.609], [13:49:01.929, -28d22m04.359]]
#region (pixel): Ellipse[[229, 221], [279, 271]]
#coordinate: world
#xLabel: frequency [GHz]
#yLabel: [Jy] Flux Density

# WHya_spw2.image-raster
3.440125732422e+02 2.182819694281e-02
3.440145263672e+02 1.550905313343e-02
3.440164794922e+02 1.562695950270e-02
3.440184326172e+02 1.247105933726e-02
3.440203857422e+02 9.013806469738e-03
3.440223388672e+02 1.636232249439e-02
3.440242919922e+02 1.499142684042e-02
3.440262451172e+02 1.198788173497e-02
3.440281982422e+02 1.296796463430e-02
3.440301513672e+02 1.346829161048e-02
3.440321044922e+02 1.238374132663e-02
3.440340576172e+02 2.784177847207e-02
3.440360107422e+02 1.836743205786e-02
3.440379638672e+02 2.462170645595e-02
3.440399169922e+02 2.399566397071e-02
3.440418701172e+02 2.083060704172e-02
3.440438232422e+02 1.462428178638e-02
3.440457763672e+02 1.784076169133e-02
3.440477294922e+02 2.106323093176e-02
3.440496826172e+02 1.053580641747e-02
3.440516357422e+02 8.960154838860e-03
3.440535888672e+02 2.709173597395e-03
3.440555419922e+02 1.805366389453e-02
3.440574951172e+02 1.583682559431e-02
3.440594482422e+02 7.873442023993e-03
3.440614013672e+02 1.786011084914e-02
3.440633544922e+02 2.409061603248e-02
3.440653076172e+02 1.766670681536e-02
3.440672607422e+02 2.201610058546e-02
3.440692138672e+02 1.915537938476e-02
3.440711669922e+02 2.224721200764e-02
3.440731201172e+02 -3.118599997833e-04
3.440750732422e+02 1.260393578559e-02
3.440770263672e+02 1.958760432899e-02
3.440789794922e+02 1.041344483383e-03
3.440809326172e+02 1.027104561217e-03
3.440828857422e+02 2.335741929710e-02
3.440848388672e+02 1.921998895705e-02
3.440867919922e+02 4.779898095876e-03
3.440887451172e+02 7.527213543653e-03
3.440906982422e+02 9.692277759314e-03
3.440926513672e+02 1.393497642130e-02
3.440946044922e+02 1.914050616324e-02
3.440965576172e+02 1.611077040434e-02
3.440985107422e+02 1.856380701065e-02
3.441004638672e+02 1.513138599694e-02
3.441024169922e+02 1.480446476489e-02
3.441043701172e+02 1.839113049209e-02
3.441063232422e+02 1.700127311051e-02
3.441082763672e+02 1.574040763080e-02
3.441102294922e+02 1.307528186589e-02
3.441121826172e+02 1.506614405662e-02
3.441141357422e+02 1.341438386589e-02
3.441160888672e+02 1.726291328669e-02
3.441180419922e+02 1.610904000700e-02
3.441199951172e+02 1.675725914538e-02
3.441219482422e+02 5.089307203889e-03
3.441239013672e+02 5.611563567072e-03
3.441258544922e+02 1.451938971877e-02
3.441278076172e+02 4.913727287203e-03
3.441297607422e+02 1.167399529368e-02
3.441317138672e+02 1.775441505015e-02
3.441336669922e+02 1.524596009403e-02
3.441356201172e+02 1.141323521733e-02
3.441375732422e+02 6.822897586972e-03
3.441395263672e+02 6.655670702457e-03
3.441414794922e+02 1.101036090404e-02
3.441434326172e+02 1.435390487313e-02
3.441453857422e+02 1.485175173730e-02
3.441473388672e+02 1.262360718101e-02
3.441492919922e+02 8.645823225379e-03
3.441512451172e+02 1.609897799790e-02
3.441531982422e+02 1.281982287765e-02
3.441551513672e+02 1.204772107303e-02
3.441571044922e+02 9.334170259535e-03
3.441590576172e+02 1.243712566793e-02
3.441610107422e+02 1.031457912177e-02
3.441629638672e+02 1.622913964093e-02
3.441649169922e+02 9.488970972598e-04
3.441668701172e+02 4.847702570260e-03
3.441688232422e+02 7.473270874470e-03
3.441707763672e+02 1.448139920831e-02
3.441727294922e+02 1.646394282579e-02
3.441746826172e+02 1.836052164435e-02
3.441766357422e+02 2.858548611403e-02
3.441785888672e+02 2.805783227086e-02
3.441805419922e+02 2.521418966353e-02
3.441824951172e+02 1.037703733891e-02
3.441844482422e+02 1.471285521984e-02
3.441864013672e+02 1.507292594761e-02
3.441883544922e+02 1.034404151142e-02
3.441903076172e+02 1.303904224187e-02
3.441922607422e+02 1.669616810977e-02
3.441942138672e+02 2.356754429638e-02
3.441961669922e+02 3.136787191033e-02
3.441981201172e+02 4.242134466767e-02
3.442000732422e+02 4.343099892139e-02
3.442020263672e+02 3.490145131946e-02
3.442039794922e+02 2.414830587804e-02
3.442059326172e+02 2.504020370543e-02
3.442078857422e+02 2.034419961274e-02
3.442098388672e+02 2.157066203654e-02
3.442117919922e+02 1.500886399299e-02
3.442137451172e+02 2.334962040186e-02
3.442156982422e+02 1.984503865242e-02
3.442176513672e+02 2.181969396770e-02
3.442196044922e+02 1.440341863781e-02
3.442215576172e+02 1.350223179907e-02
3.442235107422e+02 1.791384443641e-02
3.442254638672e+02 2.025614120066e-02
3.442274169922e+02 2.108298428357e-02
3.442293701172e+02 3.551881387830e-02
3.442313232422e+02 3.158149123192e-02
3.442332763672e+02 2.522460184991e-02
3.442352294922e+02 7.636215072125e-03
3.442371826172e+02 1.121797226369e-02
3.442391357422e+02 2.325598709285e-02
3.442410888672e+02 1.177390199155e-02
3.442430419922e+02 1.516411360353e-02
3.442449951172e+02 2.093971148133e-02
3.442469482422e+02 1.634571515024e-02
3.442489013672e+02 2.548106200993e-02
3.442508544922e+02 3.311758860946e-02
3.442528076172e+02 3.329730406404e-02
3.442547607422e+02 7.803529500961e-02
3.442567138672e+02 2.011756598949e-01
3.442586669922e+02 4.521692395210e-01
3.442606201172e+02 6.057289838791e-01
3.442625732422e+02 7.008619308472e-01
3.442645263672e+02 7.008822560310e-01
3.442664794922e+02 6.132064461708e-01
3.442684326172e+02 4.529711902142e-01
3.442703857422e+02 2.429069429636e-01
3.442723388672e+02 1.727734655142e-01
3.442742919922e+02 7.789207249880e-02
3.442762451172e+02 2.798153087497e-02
3.442781982422e+02 1.483295299113e-02
3.442801513672e+02 2.050501294434e-02
3.442821044922e+02 1.576867140830e-02
3.442840576172e+02 -1.341021998087e-04
3.442860107422e+02 1.217991672456e-02
3.442879638672e+02 1.782509312034e-02
3.442899169922e+02 1.415542606264e-02
3.442918701172e+02 2.079587429762e-02
3.442938232422e+02 2.803756482899e-02
3.442957763672e+02 3.359223902225e-02
3.442977294922e+02 1.835072785616e-02
3.442996826172e+02 9.343014098704e-03
3.443016357422e+02 1.433967612684e-02
3.443035888672e+02 1.197037380189e-02
3.443055419922e+02 1.180281676352e-02
3.443074951172e+02 1.674461737275e-02
3.443094482422e+02 2.525564655662e-02
3.443114013672e+02 2.332453243434e-02
3.443133544922e+02 2.029340341687e-02
3.443153076172e+02 1.800918951631e-02
3.443172607422e+02 1.436927262694e-02
3.443192138672e+02 1.773580536246e-02
3.443211669922e+02 1.209872588515e-02
3.443231201172e+02 1.719265803695e-02
3.443250732422e+02 9.735635481775e-03
3.443270263672e+02 1.404617447406e-02
3.443289794922e+02 1.716570742428e-02
3.443309326172e+02 1.705477200449e-02
3.443328857422e+02 2.876099944115e-02
3.443348388672e+02 1.921793073416e-02
3.443367919922e+02 2.337495237589e-02
3.443387451172e+02 9.739174507558e-03
3.443406982422e+02 1.275902148336e-02
3.443426513672e+02 2.180337719619e-02
3.443446044922e+02 8.880439214408e-03
3.443465576172e+02 2.061019092798e-02
3.443485107422e+02 1.696636341512e-02
3.443504638672e+02 1.129528041929e-02
3.443524169922e+02 2.247422747314e-02
3.443543701172e+02 7.051104679704e-03
3.443563232422e+02 9.639945812523e-03
3.443582763672e+02 1.699602603912e-02
3.443602294922e+02 2.517600916326e-02
3.443621826172e+02 2.086815424263e-02
3.443641357422e+02 2.010909281671e-02
3.443660888672e+02 1.497631892562e-02
3.443680419922e+02 2.131846733391e-02
3.443699951172e+02 1.653512753546e-02
3.443719482422e+02 1.546419598162e-02
3.443738708496e+02 2.144630253315e-02
3.443758239746e+02 3.977973759174e-02
3.443777770996e+02 2.827556058764e-02
3.443797302246e+02 4.171722382307e-02
3.443816833496e+02 6.471300125122e-02
3.443836364746e+02 6.101635470986e-02
3.443855895996e+02 5.764340236783e-02
3.443875427246e+02 6.783683598042e-02
3.443894958496e+02 7.286497950554e-02
3.443914489746e+02 7.976866513491e-02
3.443934020996e+02 6.674756109715e-02
3.443953552246e+02 7.847628742456e-02
3.443973083496e+02 8.311301469803e-02
3.443992614746e+02 8.131535351276e-02
3.444012145996e+02 9.805201739073e-02
3.444031677246e+02 9.622864425182e-02
3.444051208496e+02 9.996172040701e-02
3.444070739746e+02 9.697565436363e-02
3.444090270996e+02 8.984593302011e-02
3.444109802246e+02 9.644608944654e-02
3.444129333496e+02 9.336666017771e-02
3.444148864746e+02 1.070660129189e-01
3.444168395996e+02 9.948137402534e-02
3.444187927246e+02 8.708422631025e-02
3.444207458496e+02 8.725620061159e-02
3.444226989746e+02 5.780486017466e-02
3.444246520996e+02 5.511903762817e-02
3.444266052246e+02 5.638870969415e-02
3.444285583496e+02 5.469658598304e-02
3.444305114746e+02 5.039914697409e-02
3.444324645996e+02 4.088719561696e-02
3.444344177246e+02 3.331368044019e-02
3.444363708496e+02 1.718331687152e-02
3.444383239746e+02 2.480126358569e-02
3.444402770996e+02 2.574382349849e-02
3.444422302246e+02 1.454330235720e-02
3.444441833496e+02 1.247742213309e-02
3.444461364746e+02 1.456163078547e-02
3.444480895996e+02 1.480324380100e-02
3.444500427246e+02 2.135415002704e-02
3.444519958496e+02 1.074074395001e-02
3.444539489746e+02 1.441803481430e-02
3.444559020996e+02 1.786860451102e-02
3.444578552246e+02 8.873810060322e-03
3.444598083496e+02 1.862402446568e-02
3.444617614746e+02 2.932165749371e-02
3.444637145996e+02 2.990632876754e-02
3.444656677246e+02 1.990628661588e-03
3.444676208496e+02 2.044223994017e-02
3.444695739746e+02 1.270997151732e-02
3.444715270996e+02 1.377133838832e-02
3.444734802246e+02 2.313884720206e-02
3.444754333496e+02 2.496472373605e-02
3.444773864746e+02 2.715046331286e-02
3.444793395996e+02 1.970634795725e-02
3.444812927246e+02 1.631413772702e-02
3.444832458496e+02 1.356119010597e-02
3.444851989746e+02 1.783467456698e-02
3.444871520996e+02 1.350604649633e-02
3.444891052246e+02 1.900579221547e-02
3.444910583496e+02 1.164666563272e-02
3.444930114746e+02 2.062913030386e-02
3.444949645996e+02 8.943298831582e-03
3.444969177246e+02 1.499228458852e-02
3.444988708496e+02 1.800560392439e-02
3.445008239746e+02 1.855544559658e-02
3.445027770996e+02 1.550081931055e-02
3.445047302246e+02 1.031611301005e-02
3.445066833496e+02 2.151688560843e-02
3.445086364746e+02 2.105122432113e-02
3.445105895996e+02 1.631941460073e-02
3.445125427246e+02 2.139148674905e-02
3.445144958496e+02 9.665989317000e-03
3.445164489746e+02 1.554425340146e-02
3.445184020996e+02 2.314002998173e-02
3.445203552246e+02 3.079302050173e-02
3.445223083496e+02 4.089777916670e-02
3.445242614746e+02 3.702001646161e-02
3.445262145996e+02 3.036941587925e-02
3.445281677246e+02 4.735105857253e-02
3.445301208496e+02 3.926892206073e-02
3.445320739746e+02 5.477717146277e-02
3.445340270996e+02 6.829723715782e-02
3.445359802246e+02 7.580207288265e-02
3.445379333496e+02 5.153529718518e-02
3.445398864746e+02 5.175203084946e-02
3.445418395996e+02 3.724106773734e-02
3.445437927246e+02 3.092073649168e-02
3.445457458496e+02 1.880250312388e-02
3.445476989746e+02 3.032146021724e-02
3.445496520996e+02 3.333974629641e-02
3.445516052246e+02 2.114671096206e-02
3.445535583496e+02 2.172080241144e-02
3.445555114746e+02 3.469744324684e-02
3.445574645996e+02 3.555893898010e-02
3.445594177246e+02 3.010983765125e-02
3.445613708496e+02 5.449999496341e-02
3.445633239746e+02 9.543858468533e-02
3.445652770996e+02 1.362888365984e-01
3.445672302246e+02 1.568111181259e-01
3.445691833496e+02 1.065794527531e-01
3.445711364746e+02 7.558535784483e-02
3.445730895996e+02 4.032608494163e-02
3.445750427246e+02 2.838024124503e-02
3.445769958496e+02 1.758371852338e-02
3.445789489746e+02 2.683906257153e-02
3.445809020996e+02 3.333083167672e-02
3.445828552246e+02 5.006694421172e-02
3.445848083496e+02 3.943095356226e-02
3.445867614746e+02 3.871857747436e-02
3.445887145996e+02 2.437405660748e-02
3.445906677246e+02 6.807352416217e-03
3.445926208496e+02 7.921966724098e-03
3.445945739746e+02 2.659730089363e-04
3.445965270996e+02 1.420353446156e-02
3.445984802246e+02 9.442940354347e-03
3.446004333496e+02 1.856341212988e-02
3.446023864746e+02 2.865590900183e-02
3.446043395996e+02 1.788853295147e-02
3.446062927246e+02 1.684295386076e-02
3.446082458496e+02 2.547929249704e-02
3.446101989746e+02 1.954730786383e-02
3.446121520996e+02 1.883447356522e-02
3.446141052246e+02 2.413826435804e-02
3.446160583496e+02 1.989615522325e-02
3.446180114746e+02 1.195339951664e-02
3.446199645996e+02 2.396320737898e-02
3.446219177246e+02 2.151183970273e-02
3.446238708496e+02 1.654327288270e-02
3.446258239746e+02 1.160962227732e-02
3.446277770996e+02 1.529594138265e-02
3.446297302246e+02 9.509175084531e-03
3.446316833496e+02 1.843152008951e-02
3.446336364746e+02 1.938658393919e-02
3.446355895996e+02 1.716474071145e-02
3.446375427246e+02 1.330990064889e-02
3.446394958496e+02 1.325839478523e-02
3.446414489746e+02 2.638923935592e-02
3.446434020996e+02 1.785316877067e-02
3.446453552246e+02 1.944174431264e-02
3.446473083496e+02 1.643210835755e-02
3.446492614746e+02 1.488631498069e-02
3.446512145996e+02 2.132976241410e-02
3.446531677246e+02 1.813819073141e-02
3.446551208496e+02 2.708560414612e-02
3.446570739746e+02 3.331858664751e-02
3.446590270996e+02 4.326111078262e-02
3.446609802246e+02 4.526618123055e-02
3.446629333496e+02 4.605628177524e-02
3.446648864746e+02 3.278526291251e-02
3.446668395996e+02 3.418826684356e-02
3.446687927246e+02 1.419846247882e-02
3.446707458496e+02 2.142767608166e-02
3.446726989746e+02 2.139526978135e-02
3.446746520996e+02 2.086831815541e-02
3.446766052246e+02 2.353233844042e-02
3.446785583496e+02 3.118158876896e-02
3.446805114746e+02 2.606379240751e-02
3.446824645996e+02 2.126922458410e-02
3.446844177246e+02 1.258887071162e-02
3.446863708496e+02 1.916780136526e-02
3.446883239746e+02 3.870970336720e-03
3.446902770996e+02 1.469065807760e-02
3.446922302246e+02 2.344109304249e-02
3.446941833496e+02 2.748086303473e-02
3.446961364746e+02 6.177194882184e-03
3.446980895996e+02 1.188413333148e-02
3.447000427246e+02 1.938959397376e-02
3.447019958496e+02 2.836834639311e-02
3.447039489746e+02 2.025926299393e-02
3.447059020996e+02 8.529075421393e-03
3.447078552246e+02 1.455868780613e-02
3.447098083496e+02 1.662152819335e-02
3.447117614746e+02 1.746723428369e-02
3.447137145996e+02 1.356530096382e-02
3.447156677246e+02 3.615258960053e-03
3.447176208496e+02 2.090983092785e-02
3.447195739746e+02 1.587420329452e-02
3.447215270996e+02 1.009830925614e-02
3.447234802246e+02 2.002271078527e-02
3.447254333496e+02 3.062026388943e-02
3.447273864746e+02 1.878167316318e-02
3.447293395996e+02 3.410382568836e-02
3.447312927246e+02 4.145587608218e-02
3.447332458496e+02 5.721636489034e-02
3.447351989746e+02 5.164181441069e-02
3.447371520996e+02 3.785469755530e-02
3.447391052246e+02 4.390602558851e-02
3.447410583496e+02 2.788584493101e-02
3.447430114746e+02 2.171213552356e-02
3.447449645996e+02 2.636203728616e-02
3.447469177246e+02 2.898570522666e-02
3.447488708496e+02 1.981983892620e-02
3.447508239746e+02 1.607538945973e-02
3.447527770996e+02 2.938771061599e-02
3.447547302246e+02 2.113060653210e-02
3.447566833496e+02 3.570113703609e-02
3.447586364746e+02 4.155917838216e-02
3.447605895996e+02 4.069421440363e-02
3.447625427246e+02 3.782273456454e-02
3.447644958496e+02 1.669499278069e-02
3.447664489746e+02 2.893592976034e-02
3.447684020996e+02 2.459683641791e-02
3.447703552246e+02 1.984999887645e-02
3.447723083496e+02 1.189599558711e-02
3.447742614746e+02 2.118344977498e-02
3.447762145996e+02 1.564168184996e-02
3.447781677246e+02 1.113340258598e-02
3.447801208496e+02 1.763891056180e-02
3.447820739746e+02 1.973719708622e-02
3.447840270996e+02 2.458237856627e-02
3.447859802246e+02 1.384982746094e-02
3.447879333496e+02 3.210334107280e-02
3.447898864746e+02 3.077526018023e-02
3.447918395996e+02 1.461233384907e-02
3.447937927246e+02 1.131448894739e-02
3.447957458496e+02 1.539165992290e-02
3.447976989746e+02 2.049417234957e-02
3.447996520996e+02 2.397251501679e-02
3.448016052246e+02 3.575194254518e-02
3.448035583496e+02 3.677015751600e-02
3.448055114746e+02 2.141888812184e-02
3.448074645996e+02 1.885028369725e-02
3.448094177246e+02 1.287806127220e-02
3.448113708496e+02 2.935123816133e-02
3.448133239746e+02 9.078332222998e-03
3.448152770996e+02 9.075435809791e-03
3.448172302246e+02 1.464644353837e-02
3.448191833496e+02 1.561282016337e-02
3.448211364746e+02 -1.013969187625e-03
3.448230895996e+02 8.574005216360e-03
3.448250427246e+02 1.622967049479e-02
3.448269958496e+02 1.432670839131e-02
3.448289489746e+02 1.097229495645e-02
3.448309020996e+02 2.124984189868e-02
3.448328552246e+02 1.668354868889e-02
3.448348083496e+02 2.096757292747e-02
3.448367614746e+02 2.058829925954e-02
3.448387145996e+02 2.825782820582e-02
3.448406677246e+02 1.930537447333e-02
3.448426208496e+02 1.220743916929e-02
3.448445739746e+02 1.987248659134e-02
3.448465270996e+02 1.999920234084e-02
3.448484802246e+02 1.257700379938e-02
3.448504333496e+02 3.220956400037e-02
3.448523864746e+02 4.906055703759e-02
3.448543395996e+02 1.958980783820e-02
3.448562927246e+02 -2.075663395226e-02
3.448582458496e+02 -1.075692195445e-02
3.448601989746e+02 7.445815205574e-02
3.448621520996e+02 2.388128340244e-01
3.448641052246e+02 4.717192351818e-01
3.448660583496e+02 7.369964122772e-01
3.448680114746e+02 8.935281038284e-01
3.448699645996e+02 7.408057451248e-01
3.448719177246e+02 5.097615718842e-01
3.448738708496e+02 3.412137329578e-01
3.448758239746e+02 2.276434302330e-01
3.448777770996e+02 1.704806089401e-01
3.448797302246e+02 1.011692956090e-01
3.448816833496e+02 3.153179958463e-02
3.448836364746e+02 1.514608738944e-03
3.448855895996e+02 -2.170314826071e-02
3.448875122070e+02 -2.462625689805e-02
3.448894653320e+02 -2.201684750617e-02
3.448914184570e+02 -2.490608580410e-02
3.448933715820e+02 -1.103984075598e-03
3.448953247070e+02 -8.850679732859e-04
3.448972778320e+02 3.691484220326e-03
3.448992309570e+02 1.752203702927e-02
3.449011840820e+02 1.292433496565e-02
3.449031372070e+02 1.658252812922e-02
3.449050903320e+02 3.213533665985e-03
3.449070434570e+02 1.491732313298e-03
3.449089965820e+02 1.238965429366e-02
3.449109497070e+02 1.153932325542e-02
3.449129028320e+02 8.455704897642e-03
3.449148559570e+02 6.776104681194e-03
3.449168090820e+02 2.645065449178e-02
3.449187622070e+02 3.743804991245e-02
3.449207153320e+02 5.565085262060e-02
3.449226684570e+02 1.079694032669e-01
3.449246215820e+02 1.411674320698e-01
3.449265747070e+02 1.742881536484e-01
3.449285278320e+02 1.753162592649e-01
3.449304809570e+02 1.319203674793e-01
3.449324340820e+02 6.953398138285e-02
3.449343872070e+02 5.324092879891e-02
3.449363403320e+02 5.126084759831e-02
3.449382934570e+02 6.194525212049e-02
3.449402465820e+02 6.024272739887e-02
3.449421997070e+02 5.331901088357e-02
3.449441528320e+02 5.074713751674e-02
3.449461059570e+02 3.603975847363e-02
3.449480590820e+02 3.380723670125e-02
3.449500122070e+02 4.210660606623e-02
3.449519653320e+02 4.645464941859e-02
3.449539184570e+02 4.556756839156e-02
3.449558715820e+02 3.767820447683e-02
3.449578247070e+02 2.547611854970e-02
3.449597778320e+02 2.521060220897e-02
3.449617309570e+02 1.653725840151e-02
3.449636840820e+02 2.709268778563e-02
3.449656372070e+02 4.846864938736e-02
3.449675903320e+02 8.115703612566e-02
3.449695434570e+02 1.066855266690e-01
3.449714965820e+02 1.037506088614e-01
3.449734497070e+02 8.341885358095e-02
3.449754028320e+02 5.347867310047e-02
3.449773559570e+02 2.794154547155e-02
3.449793090820e+02 2.500041387975e-02
3.449812622070e+02 6.071194540709e-03
3.449832153320e+02 1.348986662924e-02
3.449851684570e+02 2.566700801253e-02
3.449871215820e+02 1.580778136849e-02
3.449890747070e+02 1.039611641318e-02
3.449910278320e+02 7.723543792963e-03
3.449929809570e+02 2.759635820985e-02
3.449949340820e+02 1.775839738548e-02
3.449968872070e+02 2.423315867782e-02
3.449988403320e+02 1.775241829455e-02
3.450007934570e+02 1.986036263406e-02
3.450027465820e+02 3.945004194975e-03
3.450046997070e+02 1.809467934072e-02
3.450066528320e+02 1.439689099789e-02
3.450086059570e+02 1.294773165137e-02
3.450105590820e+02 1.946743205190e-02
3.450125122070e+02 2.477627992630e-02
3.450144653320e+02 2.001534029841e-02
3.450164184570e+02 1.713426224887e-02
3.450183715820e+02 6.613376550376e-03
3.450203247070e+02 1.766379922628e-02
3.450222778320e+02 1.091739162803e-02
3.450242309570e+02 1.395018398762e-02
3.450261840820e+02 5.710874218494e-03
3.450281372070e+02 6.253465544432e-03
3.450300903320e+02 9.443823248148e-03
3.450320434570e+02 6.458452437073e-03
3.450339965820e+02 1.968862302601e-02
3.450359497070e+02 4.311865940690e-02
3.450379028320e+02 5.433959141374e-02
3.450398559570e+02 5.757743865252e-02
3.450418090820e+02 6.395632773638e-02
3.450437622070e+02 6.118581071496e-02
3.450457153320e+02 4.600561037660e-02
3.450476684570e+02 2.878134138882e-02
3.450496215820e+02 2.355402708054e-02
3.450515747070e+02 1.031277701259e-02
3.450535278320e+02 1.208489760756e-02
3.450554809570e+02 1.623589172959e-02
3.450574340820e+02 1.903324387968e-02
3.450593872070e+02 1.274268887937e-02
3.450613403320e+02 1.486694067717e-02
3.450632934570e+02 8.347382768989e-03
3.450652465820e+02 7.783526554704e-03
3.450671997070e+02 9.007050655782e-03
3.450691528320e+02 4.079294856638e-03
3.450711059570e+02 1.667467877269e-02
3.450730590820e+02 1.835546270013e-02
3.450750122070e+02 1.359206717461e-02
3.450769653320e+02 1.248680055141e-02
3.450789184570e+02 1.834169216454e-02
3.450808715820e+02 1.263880264014e-02
3.450828247070e+02 1.540349144489e-02
3.450847778320e+02 2.519632130861e-02
3.450867309570e+02 2.745522558689e-02
3.450886840820e+02 2.396588027477e-02
3.450906372070e+02 2.702173031867e-02
3.450925903320e+02 3.333099186420e-02
3.450945434570e+02 2.139422483742e-02
3.450964965820e+02 1.649851351976e-02
3.450984497070e+02 3.351060673594e-02
3.451004028320e+02 3.455376625061e-02
3.451023559570e+02 3.709478676319e-02
3.451043090820e+02 2.375332638621e-02
3.451062622070e+02 2.474999800324e-02
3.451082153320e+02 1.494248304516e-02
3.451101684570e+02 1.953128911555e-02
3.451121215820e+02 2.119451574981e-02
3.451140747070e+02 9.416212327778e-03
3.451160278320e+02 3.116179630160e-02
3.451179809570e+02 3.265140950680e-02
3.451199340820e+02 2.823393046856e-02
3.451218872070e+02 3.541434928775e-02
3.451238403320e+02 2.289301529527e-02
3.451257934570e+02 2.548294141889e-02
3.451277465820e+02 2.817971445620e-02
3.451296997070e+02 1.712863892317e-02
3.451316528320e+02 1.711371354759e-02
3.451336059570e+02 1.620003581047e-02
3.451355590820e+02 1.652623713017e-02
3.451375122070e+02 1.081321109086e-02
3.451394653320e+02 2.532794140279e-02
3.451414184570e+02 2.016972005367e-02
3.451433715820e+02 8.144518360496e-03
3.451453247070e+02 1.409052032977e-02
3.451472778320e+02 1.885132864118e-02
3.451492309570e+02 1.513355597854e-02
3.451511840820e+02 1.002639997751e-02
3.451531372070e+02 9.296962991357e-03
3.451550903320e+02 1.409405749291e-02
3.451570434570e+02 2.202220074832e-02
3.451589965820e+02 1.157324109226e-02
3.451609497070e+02 1.535022817552e-02
3.451629028320e+02 1.537812687457e-02
3.451648559570e+02 1.668791286647e-02
3.451668090820e+02 2.176490239799e-02
3.451687622070e+02 1.463062595576e-02
3.451707153320e+02 2.191666327417e-02
3.451726684570e+02 1.709811761975e-02
3.451746215820e+02 1.581226475537e-02
3.451765747070e+02 1.342288777232e-02
3.451785278320e+02 1.449950784445e-02
3.451804809570e+02 1.110119279474e-02
3.451824340820e+02 2.296330407262e-02
3.451843872070e+02 1.287563983351e-02
3.451863403320e+02 1.849831640720e-02
3.451882934570e+02 2.223159000278e-02
3.451902465820e+02 2.309708110988e-02
3.451921997070e+02 2.454367838800e-02
3.451941528320e+02 1.822653785348e-02
3.451961059570e+02 1.808207109571e-02
3.451980590820e+02 2.059693448246e-02
3.452000122070e+02 1.527868956327e-02
3.452019653320e+02 2.254500053823e-02
3.452039184570e+02 2.602654881775e-02
3.452058715820e+02 2.884043380618e-02
3.452078247070e+02 2.406078390777e-02
3.452097778320e+02 2.990684285760e-02
3.452117309570e+02 1.752077974379e-02
3.452136840820e+02 1.288198679686e-02
3.452156372070e+02 1.500740926713e-02
3.452175903320e+02 1.980108395219e-02
3.452195434570e+02 1.962937973440e-02
3.452214965820e+02 2.175932936370e-02
3.452234497070e+02 1.889869570732e-02
3.452254028320e+02 1.475555077195e-02
3.452273559570e+02 1.621183007956e-02
3.452293090820e+02 9.098614566028e-03
3.452312622070e+02 1.862291991711e-02
3.452332153320e+02 2.523674443364e-02
3.452351684570e+02 2.623493596911e-02
3.452371215820e+02 2.210090123117e-02
3.452390747070e+02 3.207809105515e-02
3.452410278320e+02 2.957663871348e-02
3.452429809570e+02 3.030556067824e-02
3.452449340820e+02 1.635707914829e-02
3.452468872070e+02 2.330714464188e-02
3.452488403320e+02 1.852266304195e-02
3.452507934570e+02 1.851253397763e-02
3.452527465820e+02 2.155719883740e-02
3.452546997070e+02 1.341388840228e-02
3.452566528320e+02 1.638055779040e-02
3.452586059570e+02 1.901311799884e-02
3.452605590820e+02 7.420571055263e-03
3.452625122070e+02 1.807883381844e-02
3.452644653320e+02 1.205862686038e-02
3.452664184570e+02 2.575184032321e-02
3.452683715820e+02 3.026672825217e-02
3.452703247070e+02 2.725481055677e-02
3.452722778320e+02 2.546900324523e-02
3.452742309570e+02 2.009600028396e-02
3.452761840820e+02 2.217746898532e-02
3.452781372070e+02 1.562398672104e-02
3.452800903320e+02 1.998670585454e-02
3.452820434570e+02 3.113351762295e-02
3.452839965820e+02 7.196897268295e-02
3.452859497070e+02 2.270859330893e-01
3.452879028320e+02 4.509640336037e-01
3.452898559570e+02 6.342186331749e-01
3.452918090820e+02 7.162567973137e-01
3.452937622070e+02 6.701186895370e-01
3.452957153320e+02 4.826625287533e-01
3.452976684570e+02 2.090328335762e-01
3.452996215820e+02 6.565237045288e-02
3.453015747070e+02 4.126980528235e-02
3.453035278320e+02 2.154112234712e-02
3.453054809570e+02 9.444532915950e-03
3.453074340820e+02 1.257671788335e-02
3.453093872070e+02 1.443174481392e-02
3.453113403320e+02 7.833500392735e-03
3.453132934570e+02 2.687888219953e-02
3.453152465820e+02 1.551163569093e-02
3.453171997070e+02 1.992590725422e-02
3.453191528320e+02 1.743002422154e-02
3.453211059570e+02 1.724304631352e-02
3.453230590820e+02 8.551261387765e-03
3.453250122070e+02 1.503133587539e-02
3.453269653320e+02 1.386427972466e-02
3.453289184570e+02 1.045849919319e-02
3.453308715820e+02 2.130766771734e-02
3.453328247070e+02 3.729152679443e-02
3.453347778320e+02 1.289515197277e-02
3.453367309570e+02 1.091098878533e-02
3.453386840820e+02 1.183735951781e-02
3.453406372070e+02 1.257147826254e-02
3.453425903320e+02 2.300171554089e-02
3.453445434570e+02 1.025036443025e-02
3.453464965820e+02 1.781099662185e-02
3.453484497070e+02 1.769598200917e-02
3.453504028320e+02 1.433102414012e-02
3.453523559570e+02 2.370755746961e-02
3.453543090820e+02 1.048417203128e-02
3.453562622070e+02 3.410993376747e-03
3.453582153320e+02 1.738807186484e-02
3.453601684570e+02 2.358572185040e-02
3.453621215820e+02 2.006048336625e-02
3.453640747070e+02 1.951303705573e-02
3.453660278320e+02 3.429256379604e-02
3.453679809570e+02 4.617435857654e-02
3.453699340820e+02 4.029762744904e-02
3.453718872070e+02 5.211994051933e-02
3.453738403320e+02 5.318892747164e-02
3.453757934570e+02 5.052339285612e-02
3.453777465820e+02 4.724567756057e-02
3.453796997070e+02 2.501654066145e-02
3.453816528320e+02 1.280647143722e-02
3.453836059570e+02 5.058305105194e-04
3.453855590820e+02 1.715519279242e-02
3.453875122070e+02 1.418515201658e-02
3.453894653320e+02 2.121853269637e-02
3.453914184570e+02 1.402307488024e-02
3.453933715820e+02 1.539291255176e-02
3.453953247070e+02 3.918318077922e-02
3.453972778320e+02 7.273868471384e-02
3.453992309570e+02 1.061305105686e-01
3.454011840820e+02 1.484689861536e-01
3.454031066895e+02 1.516087353230e-01
3.454050598145e+02 1.229853853583e-01
3.454070129395e+02 7.576245814562e-02
3.454089660645e+02 4.972970485687e-02
3.454109191895e+02 2.232926897705e-02
3.454128723145e+02 1.917628757656e-02
3.454148254395e+02 1.389130204916e-02
3.454167785645e+02 1.396396663040e-02
3.454187316895e+02 1.219367794693e-02
3.454206848145e+02 7.739278487861e-03
3.454226379395e+02 1.993745565414e-02
3.454245910645e+02 1.039292383939e-02
3.454265441895e+02 1.885826140642e-02
3.454284973145e+02 1.213521789759e-02
3.454304504395e+02 2.676147967577e-02
3.454324035645e+02 2.092731930315e-02
3.454343566895e+02 1.869121566415e-02
3.454363098145e+02 1.994081027806e-02
3.454382629395e+02 2.092005871236e-02
3.454402160645e+02 2.263966016471e-02
3.454421691895e+02 1.138955075294e-02
3.454441223145e+02 1.492849178612e-02
3.454460754395e+02 8.693661657162e-04
3.454480285645e+02 2.134761586785e-02
3.454499816895e+02 1.757296919823e-02
3.454519348145e+02 6.192006636411e-03
3.454538879395e+02 1.008434221148e-02
3.454558410645e+02 2.482612989843e-02
3.454577941895e+02 1.526483427733e-02
3.454597473145e+02 1.838812418282e-02
3.454617004395e+02 1.520415581763e-02
3.454636535645e+02 2.958339452744e-02
3.454656066895e+02 3.573756292462e-02
3.454675598145e+02 2.941573783755e-02
3.454695129395e+02 3.661077097058e-02
3.454714660645e+02 3.993165493011e-02
3.454734191895e+02 3.708702325821e-02
3.454753723145e+02 3.597998246551e-02
3.454773254395e+02 2.020535059273e-02
3.454792785645e+02 2.497031167150e-02
3.454812316895e+02 8.129119873047e-03
3.454831848145e+02 1.317070331424e-02
3.454851379395e+02 2.792833372951e-02
3.454870910645e+02 2.701566927135e-02
3.454890441895e+02 1.700610667467e-02
3.454909973145e+02 3.345130709931e-03
3.454929504395e+02 1.185116637498e-02
3.454949035645e+02 9.671355597675e-03
3.454968566895e+02 1.105785928667e-02
3.454988098145e+02 1.196521800011e-02
3.455007629395e+02 2.027509175241e-02
3.455027160645e+02 2.845090441406e-02
3.455046691895e+02 3.119813278317e-02
3.455066223145e+02 3.241412714124e-02
3.455085754395e+02 3.482823073864e-02
3.455105285645e+02 2.556900866330e-02
3.455124816895e+02 1.410065125674e-02
3.455144348145e+02 8.790326304734e-03
3.455163879395e+02 1.562544889748e-02
3.455183410645e+02 1.657937467098e-02
3.455202941895e+02 1.945940591395e-02
3.455222473145e+02 2.059995383024e-02
3.455242004395e+02 1.840323582292e-02
3.455261535645e+02 1.676514372230e-02
3.455281066895e+02 2.126511186361e-02
3.455300598145e+02 2.728527225554e-02
3.455320129395e+02 2.624665759504e-02
3.455339660645e+02 2.022730186582e-02
3.455359191895e+02 2.174475230277e-02
3.455378723145e+02 2.687997929752e-02
3.455398254395e+02 1.956022158265e-02
3.455417785645e+02 2.203154005110e-02
3.455437316895e+02 1.255992799997e-02
3.455456848145e+02 1.899478770792e-02
3.455476379395e+02 8.784253150225e-03
3.455495910645e+02 8.557463996112e-03
3.455515441895e+02 2.269862964749e-02
3.455534973145e+02 6.512151565403e-03
3.455554504395e+02 1.354044489563e-02
3.455574035645e+02 1.695006899536e-02
3.455593566895e+02 2.401350066066e-02
3.455613098145e+02 2.526840940118e-02
3.455632629395e+02 9.908348321915e-03
3.455652160645e+02 1.386957801878e-02
3.455671691895e+02 1.584563218057e-02
3.455691223145e+02 8.768823929131e-03
3.455710754395e+02 8.902430534363e-03
3.455730285645e+02 1.232705824077e-02
3.455749816895e+02 1.257016789168e-02
3.455769348145e+02 2.208969183266e-02
3.455788879395e+02 1.139251235873e-02
3.455808410645e+02 7.280925288796e-03
3.455827941895e+02 1.101588364691e-02
3.455847473145e+02 1.361286453903e-02
3.455867004395e+02 1.884404197335e-02
3.455886535645e+02 1.735645346344e-02
3.455906066895e+02 5.575770046562e-03
3.455925598145e+02 1.067019719630e-02
3.455945129395e+02 1.946695148945e-02
3.455964660645e+02 2.059573307633e-02
3.455984191895e+02 2.825514413416e-02
3.456003723145e+02 1.296197623014e-02
3.456023254395e+02 1.824379526079e-02
3.456042785645e+02 2.889943495393e-02
3.456062316895e+02 3.050117380917e-02
3.456081848145e+02 2.713936381042e-02
3.456101379395e+02 2.640082687140e-02
3.456120910645e+02 3.485494852066e-02
3.456140441895e+02 4.008484259248e-02
3.456159973145e+02 3.229304403067e-02
3.456179504395e+02 4.092456772923e-02
3.456199035645e+02 2.661401219666e-02
3.456218566895e+02 3.600683808327e-02
3.456238098145e+02 2.663448452950e-02
3.456257629395e+02 1.865635998547e-02
3.456277160645e+02 2.184856496751e-02
3.456296691895e+02 2.321199141443e-02
3.456316223145e+02 2.274784818292e-02
3.456335754395e+02 2.305214665830e-02
3.456355285645e+02 2.036287449300e-02
3.456374816895e+02 1.143543235958e-02
3.456394348145e+02 9.650348685682e-03
3.456413879395e+02 1.152504049242e-02
3.456433410645e+02 1.644180715084e-02
3.456452941895e+02 2.263453602791e-02
3.456472473145e+02 1.819713972509e-02
3.456492004395e+02 1.828519441187e-02
3.456511535645e+02 1.334982831031e-02
3.456531066895e+02 2.278348058462e-02
3.456550598145e+02 2.054015174508e-02
3.456570129395e+02 1.474688481539e-02
3.456589660645e+02 1.394817233086e-02
3.456609191895e+02 3.035299852490e-02
3.456628723145e+02 2.241426520050e-02
3.456648254395e+02 1.064478699118e-02
3.456667785645e+02 9.123939089477e-03
3.456687316895e+02 2.077163569629e-02
3.456706848145e+02 1.749354042113e-02
3.456726379395e+02 7.298835553229e-03
3.456745910645e+02 2.040897682309e-02
3.456765441895e+02 3.025177307427e-02
3.456784973145e+02 1.472124829888e-02
3.456804504395e+02 2.149590291083e-02
3.456824035645e+02 2.053229883313e-02
3.456843566895e+02 1.878802292049e-02
3.456863098145e+02 2.515362761915e-02
3.456882629395e+02 1.970773935318e-02
3.456902160645e+02 2.652710862458e-02
3.456921691895e+02 1.234012283385e-02
3.456941223145e+02 1.946247741580e-02
3.456960754395e+02 1.786519214511e-02
3.456980285645e+02 2.475493773818e-02
3.456999816895e+02 1.650831103325e-02
3.457019348145e+02 3.423800691962e-02
3.457038879395e+02 3.855673223734e-02
3.457058410645e+02 3.984832018614e-02
3.457077941895e+02 5.145249515772e-02
3.457097473145e+02 4.285186156631e-02
3.457117004395e+02 3.163092955947e-02
3.457136535645e+02 3.525951504707e-02
3.457156066895e+02 2.679805643857e-02
3.457175598145e+02 2.475561946630e-02
3.457195129395e+02 2.122063748538e-02
3.457214660645e+02 2.599388360977e-02
3.457234191895e+02 2.423173002899e-02
3.457253723145e+02 1.621811091900e-02
3.457273254395e+02 1.919409818947e-02
3.457292785645e+02 2.028292044997e-02
3.457312316895e+02 8.962493389845e-03
3.457331848145e+02 5.228109192103e-03
3.457351379395e+02 -1.141663175076e-02
3.457370910645e+02 -1.762292347848e-02
3.457390441895e+02 7.764156162739e-02
3.457409973145e+02 3.596439957619e-01
3.457429504395e+02 6.716926097870e-01
3.457449035645e+02 7.838711738586e-01
3.457468566895e+02 1.084011077881e+00
3.457488098145e+02 1.362718582153e+00
3.457507629395e+02 1.323626756668e+00
3.457527160645e+02 1.085035324097e+00
3.457546691895e+02 1.416227698326e+00
3.457566223145e+02 8.100746870041e-01
3.457585754395e+02 2.086329907179e-01
3.457605285645e+02 6.165062263608e-02
3.457624816895e+02 1.859601773322e-02
3.457644348145e+02 2.026938134804e-03
3.457663879395e+02 1.031629648060e-02
3.457683410645e+02 1.180815417320e-02
3.457702941895e+02 4.954398144037e-03
3.457722473145e+02 6.197902839631e-04
3.457742004395e+02 1.061191875488e-02
3.457761535645e+02 1.992991752923e-02
3.457781066895e+02 1.407984271646e-02
3.457800598145e+02 9.608966298401e-03
3.457820129395e+02 1.927466318011e-02
3.457839660645e+02 1.859623380005e-02
3.457859191895e+02 1.434203889221e-02
3.457878723145e+02 1.267377380282e-02
3.457898254395e+02 1.792529597878e-02
3.457917785645e+02 1.845672540367e-02
3.457937316895e+02 7.356836460531e-03
3.457956848145e+02 1.760181039572e-02
3.457976379395e+02 1.672582700849e-02
3.457995910645e+02 2.648305892944e-02
3.458015441895e+02 1.350201945752e-02
3.458034973145e+02 1.321776024997e-02
3.458054504395e+02 1.960272341967e-02
3.458074035645e+02 1.653256267309e-02
3.458093566895e+02 1.566432230175e-02
3.458113098145e+02 2.207843400538e-02
3.458132629395e+02 9.519191458821e-03
3.458152160645e+02 1.464186701924e-02
3.458171691895e+02 2.170120552182e-02
3.458191223145e+02 1.257552485913e-02
3.458210754395e+02 1.719800569117e-02
3.458230285645e+02 9.408143348992e-03
3.458249816895e+02 2.500960975885e-02
3.458269348145e+02 2.359415590763e-02
3.458288879395e+02 2.842381969094e-02
3.458308410645e+02 3.201731294394e-02
3.458327941895e+02 2.810913510621e-02
3.458347473145e+02 2.538413926959e-02
3.458367004395e+02 2.491981349885e-02
3.458386535645e+02 1.356013026088e-02
3.458406066895e+02 7.764200214297e-03
3.458425598145e+02 1.449752319604e-02
3.458445129395e+02 7.724999450147e-03
3.458464660645e+02 1.119130942971e-02
3.458484191895e+02 9.509162977338e-03
3.458503723145e+02 2.203040570021e-02
3.458523254395e+02 2.165269106627e-02
3.458542785645e+02 2.288441359997e-02
3.458562316895e+02 1.965817809105e-02
3.458581848145e+02 6.188695784658e-03
3.458601379395e+02 1.958471164107e-02
3.458620910645e+02 2.267042361200e-02
3.458640441895e+02 1.958824694157e-02
3.458659973145e+02 5.836986005306e-03
3.458679504395e+02 8.163526654243e-03
3.458699035645e+02 1.876818947494e-02
3.458718566895e+02 1.794904656708e-02
3.458738098145e+02 1.280942466110e-02
3.458757629395e+02 1.999307237566e-02
3.458777160645e+02 2.778057195246e-02
3.458796691895e+02 3.839857876301e-02
3.458816223145e+02 4.092427715659e-02
3.458835754395e+02 4.092916846275e-02
3.458855285645e+02 3.485998511314e-02
3.458874816895e+02 0.000000000000e+00
