#title: Spectral profile - WHya_spw1.image-raster
#region (world): Ellipse[[13:49:01.948, -28d22m04.609], [13:49:01.929, -28d22m04.359]]
#region (pixel): Ellipse[[229, 221], [279, 271]]
#coordinate: world
#xLabel: frequency [GHz]
#yLabel: [Jy] Flux Density

# WHya_spw1.image-raster
3.423816223145e+02 1.961555704474e-02
3.423835754395e+02 4.433843493462e-02
3.423855285645e+02 8.271095901728e-02
3.423874816895e+02 1.121704652905e-01
3.423894348145e+02 1.159833371639e-01
3.423913879395e+02 9.793746471405e-02
3.423933410645e+02 5.589297413826e-02
3.423952941895e+02 3.065706230700e-02
3.423972473145e+02 1.461183559150e-02
3.423992004395e+02 6.198538001627e-03
3.424011535645e+02 8.498538285494e-03
3.424031066895e+02 4.206725396216e-03
3.424050598145e+02 1.320821885020e-02
3.424070129395e+02 1.063592638820e-02
3.424089660645e+02 2.989195636474e-04
3.424109191895e+02 4.136139992625e-03
3.424128723145e+02 -1.058402820490e-03
3.424148254395e+02 -2.529447199777e-03
3.424167785645e+02 4.098723176867e-03
3.424187316895e+02 9.894404560328e-03
3.424206848145e+02 6.345109082758e-03
3.424226379395e+02 1.493152580224e-03
3.424245910645e+02 -7.647415623069e-05
3.424265441895e+02 5.796256009489e-03
3.424284973145e+02 4.885114729404e-03
3.424304504395e+02 2.458316739649e-04
3.424324035645e+02 4.682815168053e-03
3.424343566895e+02 4.727333318442e-03
3.424363098145e+02 7.139333058149e-03
3.424382629395e+02 8.858622051775e-03
3.424402160645e+02 2.664195559919e-02
3.424421691895e+02 3.693749010563e-02
3.424441223145e+02 6.029415875673e-02
3.424460754395e+02 4.215035960078e-02
3.424480285645e+02 5.601561814547e-02
3.424499816895e+02 9.040372818708e-02
3.424519348145e+02 1.298226416111e-01
3.424538879395e+02 1.747816205025e-01
3.424558410645e+02 2.439226210117e-01
3.424577941895e+02 2.863357067108e-01
3.424597473145e+02 2.849062383175e-01
3.424617004395e+02 2.267826199532e-01
3.424636535645e+02 1.392142027617e-01
3.424656066895e+02 5.326919630170e-02
3.424675598145e+02 2.056917920709e-02
3.424695129395e+02 -2.838717075065e-03
3.424714660645e+02 -2.630368992686e-02
3.424734191895e+02 -2.264544367790e-02
3.424753723145e+02 -2.726244553924e-02
3.424773254395e+02 -2.698878012598e-02
3.424792785645e+02 -2.401635609567e-02
3.424812316895e+02 -2.126379497349e-02
3.424831848145e+02 -1.057729218155e-02
3.424851379395e+02 -6.921487860382e-03
3.424870910645e+02 -1.003248058259e-02
3.424890441895e+02 -7.775931153446e-03
3.424909973145e+02 -8.181130397134e-04
3.424929504395e+02 -6.634844001383e-03
3.424949035645e+02 -5.007144529372e-03
3.424968566895e+02 -1.227529719472e-03
3.424988098145e+02 2.477322006598e-03
3.425007629395e+02 3.024610690773e-03
3.425027160645e+02 -1.862629549578e-03
3.425046691895e+02 4.062539665028e-05
3.425066223145e+02 4.762211814523e-03
3.425085754395e+02 1.105339080095e-02
3.425105285645e+02 3.758795093745e-03
3.425124816895e+02 4.703411366791e-03
3.425144348145e+02 9.719267487526e-03
3.425163879395e+02 1.345320837572e-03
3.425183410645e+02 4.073597665410e-04
3.425202941895e+02 6.313896737993e-04
3.425222473145e+02 -1.641543465666e-03
3.425242004395e+02 -1.479638391174e-03
3.425261535645e+02 -1.612547202967e-03
3.425281066895e+02 -2.640447113663e-03
3.425300598145e+02 5.393051076680e-03
3.425320129395e+02 3.117977175862e-04
3.425339660645e+02 2.586575923488e-03
3.425359191895e+02 8.361367508769e-03
3.425378723145e+02 4.250915255398e-03
3.425398254395e+02 1.018204912543e-02
3.425417785645e+02 1.431420678273e-03
3.425437316895e+02 4.656977020204e-03
3.425456848145e+02 -7.604341953993e-04
3.425476379395e+02 1.786209060811e-03
3.425495910645e+02 5.275821313262e-03
3.425515441895e+02 2.884491346776e-03
3.425534973145e+02 -5.025339778513e-03
3.425554504395e+02 -2.207843586802e-03
3.425574035645e+02 3.585426369682e-03
3.425593566895e+02 8.107509464025e-03
3.425613098145e+02 5.033980123699e-03
3.425632629395e+02 1.267715357244e-03
3.425652160645e+02 -9.221811196767e-04
3.425671691895e+02 3.347881138325e-04
3.425691223145e+02 5.236036609858e-03
3.425710754395e+02 7.026628591120e-03
3.425730285645e+02 7.746408809908e-04
3.425749816895e+02 8.686766377650e-04
3.425769348145e+02 1.691075158305e-03
3.425788879395e+02 4.853457212448e-03
3.425808410645e+02 2.307072747499e-03
3.425827941895e+02 6.870271638036e-03
3.425847473145e+02 4.157733172178e-03
3.425867004395e+02 3.540424513631e-04
3.425886535645e+02 -1.417169999331e-02
3.425906066895e+02 -2.028431929648e-02
3.425925598145e+02 -1.044921018183e-02
3.425945129395e+02 8.987355045974e-03
3.425964355469e+02 4.535687342286e-02
3.425983886719e+02 1.003910377622e-01
3.426003417969e+02 1.415298879147e-01
3.426022949219e+02 1.477153152227e-01
3.426042480469e+02 1.066195890307e-01
3.426062011719e+02 6.271801888943e-02
3.426081542969e+02 3.074465133250e-02
3.426101074219e+02 9.360834956169e-03
3.426120605469e+02 1.046320982277e-02
3.426140136719e+02 -3.690092824399e-03
3.426159667969e+02 -5.658000241965e-03
3.426179199219e+02 -3.896071808413e-03
3.426198730469e+02 -1.782706938684e-03
3.426218261719e+02 -4.561113019008e-04
3.426237792969e+02 -4.257220309228e-03
3.426257324219e+02 -4.503277130425e-03
3.426276855469e+02 8.885551244020e-03
3.426296386719e+02 -3.815512871370e-03
3.426315917969e+02 2.029317431152e-03
3.426335449219e+02 5.583864636719e-03
3.426354980469e+02 5.895185284317e-03
3.426374511719e+02 5.657383240759e-03
3.426394042969e+02 7.479361724108e-03
3.426413574219e+02 5.875467322767e-03
3.426433105469e+02 2.316126367077e-03
3.426452636719e+02 6.128072272986e-03
3.426472167969e+02 5.751815158874e-03
3.426491699219e+02 -1.481086714193e-03
3.426511230469e+02 6.110743619502e-03
3.426530761719e+02 -2.142983721569e-03
3.426550292969e+02 1.392837148160e-02
3.426569824219e+02 4.029303789139e-03
3.426589355469e+02 1.225708518177e-03
3.426608886719e+02 -1.740886247717e-03
3.426628417969e+02 7.493773940951e-03
3.426647949219e+02 8.986102417111e-03
3.426667480469e+02 4.508076701313e-03
3.426687011719e+02 1.089435070753e-02
3.426706542969e+02 3.945687320083e-03
3.426726074219e+02 1.493572257459e-03
3.426745605469e+02 2.817348344252e-03
3.426765136719e+02 2.205784199759e-03
3.426784667969e+02 1.337236375548e-03
3.426804199219e+02 1.572913490236e-03
3.426823730469e+02 6.833131919848e-05
3.426843261719e+02 4.273539874703e-03
3.426862792969e+02 3.255894873291e-03
3.426882324219e+02 6.341198459268e-03
3.426901855469e+02 1.978176413104e-03
3.426921386719e+02 -5.852017551661e-03
3.426940917969e+02 -6.649015005678e-03
3.426960449219e+02 -2.343804575503e-03
3.426979980469e+02 2.759535564110e-03
3.426999511719e+02 -3.309992898721e-04
3.427019042969e+02 7.795503363013e-03
3.427038574219e+02 4.635242279619e-03
3.427058105469e+02 7.123841904104e-03
3.427077636719e+02 4.348225519061e-02
3.427097167969e+02 9.708952903748e-02
3.427116699219e+02 1.513609439135e-01
3.427136230469e+02 2.159665375948e-01
3.427155761719e+02 2.407171130180e-01
3.427175292969e+02 2.257137149572e-01
3.427194824219e+02 1.640670448542e-01
3.427214355469e+02 9.482072293758e-02
3.427233886719e+02 4.578825086355e-02
3.427253417969e+02 1.502653770149e-02
3.427272949219e+02 7.761344779283e-03
3.427292480469e+02 4.360850434750e-03
3.427312011719e+02 7.723510731012e-03
3.427331542969e+02 2.426691818982e-03
3.427351074219e+02 -4.051524680108e-03
3.427370605469e+02 6.104946136475e-03
3.427390136719e+02 1.037950441241e-02
3.427409667969e+02 8.533182553947e-03
3.427429199219e+02 2.427085116506e-02
3.427448730469e+02 2.027156203985e-02
3.427468261719e+02 2.025001309812e-02
3.427487792969e+02 8.637410588562e-03
3.427507324219e+02 5.616844631732e-03
3.427526855469e+02 -9.919900912791e-05
3.427546386719e+02 4.717070609331e-03
3.427565917969e+02 7.424588780850e-03
3.427585449219e+02 4.780026152730e-03
3.427604980469e+02 1.426875870675e-02
3.427624511719e+02 9.747821837664e-03
3.427644042969e+02 -5.813506431878e-04
3.427663574219e+02 -1.056791399606e-03
3.427683105469e+02 4.234089050442e-03
3.427702636719e+02 8.991789654829e-04
3.427722167969e+02 -3.360656846780e-04
3.427741699219e+02 8.488294668496e-03
3.427761230469e+02 2.472018823028e-03
3.427780761719e+02 -1.697337254882e-03
3.427800292969e+02 5.210253875703e-03
3.427819824219e+02 9.854472009465e-04
3.427839355469e+02 -1.051867613569e-03
3.427858886719e+02 -4.166539292783e-05
3.427878417969e+02 3.000764409080e-03
3.427897949219e+02 1.345361815766e-03
3.427917480469e+02 1.876281923614e-03
3.427937011719e+02 9.340446442366e-03
3.427956542969e+02 5.194658413529e-03
3.427976074219e+02 9.861759841442e-03
3.427995605469e+02 1.206662319601e-02
3.428015136719e+02 3.848127089441e-03
3.428034667969e+02 6.034881807864e-03
3.428054199219e+02 1.092424150556e-03
3.428073730469e+02 7.022327743471e-03
3.428093261719e+02 6.753262132406e-03
3.428112792969e+02 1.000985410064e-02
3.428132324219e+02 4.524216987193e-03
3.428151855469e+02 1.082079857588e-02
3.428171386719e+02 4.636064171791e-03
3.428190917969e+02 6.388827692717e-03
3.428210449219e+02 3.061441704631e-03
3.428229980469e+02 6.198392948136e-04
3.428249511719e+02 1.448437664658e-02
3.428269042969e+02 6.554318126291e-03
3.428288574219e+02 4.984725732356e-03
3.428308105469e+02 1.983600482345e-02
3.428327636719e+02 2.153385244310e-02
3.428347167969e+02 2.460232377052e-02
3.428366699219e+02 2.783975005150e-02
3.428386230469e+02 1.115186419338e-02
3.428405761719e+02 4.322940949351e-03
3.428425292969e+02 -7.289314176887e-03
3.428444824219e+02 2.188111888245e-03
3.428464355469e+02 -8.177476702258e-04
3.428483886719e+02 1.177726965398e-02
3.428503417969e+02 1.077902503312e-02
3.428522949219e+02 1.167438365519e-02
3.428542480469e+02 9.751060046256e-03
3.428562011719e+02 7.746945135295e-03
3.428581542969e+02 4.435658454895e-03
3.428601074219e+02 8.599506691098e-03
3.428620605469e+02 3.509670728818e-03
3.428640136719e+02 2.853244310245e-03
3.428659667969e+02 9.011095389724e-04
3.428679199219e+02 5.848126485944e-03
3.428698730469e+02 9.556655422784e-04
3.428718261719e+02 1.738841529004e-03
3.428737792969e+02 3.433417296037e-03
3.428757324219e+02 2.462972654030e-03
3.428776855469e+02 9.282323531806e-03
3.428796386719e+02 4.270563833416e-03
3.428815917969e+02 7.854598574340e-03
3.428835449219e+02 2.718265634030e-03
3.428854980469e+02 -2.439988078550e-03
3.428874511719e+02 5.290037021041e-03
3.428894042969e+02 -6.313048070297e-04
3.428913574219e+02 4.689787514508e-03
3.428933105469e+02 8.654880337417e-03
3.428952636719e+02 5.784021224827e-03
3.428972167969e+02 9.825255721807e-03
3.428991699219e+02 6.660311948508e-03
3.429011230469e+02 1.583903282881e-02
3.429030761719e+02 6.548975128680e-03
3.429050292969e+02 6.656559184194e-03
3.429069824219e+02 2.728867577389e-03
3.429089355469e+02 9.599047712982e-03
3.429108886719e+02 8.437553420663e-03
3.429128417969e+02 1.097640488297e-02
3.429147949219e+02 -1.395851606503e-03
3.429167480469e+02 -1.337984018028e-02
3.429187011719e+02 -3.832802921534e-02
3.429206542969e+02 -4.746824502945e-02
3.429226074219e+02 -2.826318889856e-02
3.429245605469e+02 5.138302594423e-02
3.429265136719e+02 3.151758909225e-01
3.429284667969e+02 7.812964916229e-01
3.429304199219e+02 1.099502444267e+00
3.429323730469e+02 1.288358569145e+00
3.429343261719e+02 1.340242385864e+00
3.429362792969e+02 1.148833990097e+00
3.429382324219e+02 5.979881882668e-01
3.429401855469e+02 1.425140257925e-02
3.429421386719e+02 2.859455645084e-01
3.429440917969e+02 2.330128401518e-01
3.429460449219e+02 1.034652292728e-01
3.429479980469e+02 2.532383240759e-02
3.429499511719e+02 2.444958779961e-03
3.429519042969e+02 4.125221166760e-03
3.429538574219e+02 4.420882090926e-03
3.429558105469e+02 9.039113298059e-03
3.429577636719e+02 4.521394614130e-03
3.429597167969e+02 7.898572366685e-04
3.429616699219e+02 4.806020297110e-03
3.429636230469e+02 -5.731246434152e-03
3.429655761719e+02 -2.099378500134e-03
3.429675292969e+02 3.250370209571e-04
3.429694824219e+02 2.988737076521e-03
3.429714355469e+02 6.338699255139e-03
3.429733886719e+02 5.829373374581e-03
3.429753417969e+02 8.259766735137e-03
3.429772949219e+02 -1.093918108381e-03
3.429792480469e+02 -5.170026794076e-03
3.429812011719e+02 5.826321896166e-03
3.429831542969e+02 -2.648603869602e-03
3.429851074219e+02 7.401597686112e-03
3.429870605469e+02 1.493858522736e-03
3.429890136719e+02 3.954112995416e-03
3.429909667969e+02 5.030314903706e-03
3.429929199219e+02 8.636948652565e-03
3.429948730469e+02 1.007530093193e-02
3.429968261719e+02 9.572147391737e-03
3.429987792969e+02 -1.838785945438e-03
3.430007324219e+02 2.970124129206e-03
3.430026855469e+02 8.829018101096e-03
3.430046386719e+02 9.000769816339e-03
3.430065917969e+02 -3.081940347329e-03
3.430085449219e+02 4.961095284671e-03
3.430104980469e+02 4.600595217198e-03
3.430124511719e+02 3.754914738238e-03
3.430144042969e+02 1.150372810662e-02
3.430163574219e+02 1.397700514644e-02
3.430183105469e+02 7.471765857190e-03
3.430202636719e+02 1.537691149861e-02
3.430222167969e+02 1.156820356846e-02
3.430241699219e+02 1.918451860547e-02
3.430261230469e+02 2.152843587101e-02
3.430280761719e+02 1.093501504511e-02
3.430300292969e+02 1.084171980619e-02
3.430319824219e+02 1.708589680493e-02
3.430339355469e+02 1.183567568660e-02
3.430358886719e+02 1.143836788833e-02
3.430378417969e+02 1.673491299152e-02
3.430397949219e+02 2.248477935791e-02
3.430417480469e+02 2.262691780925e-02
3.430437011719e+02 2.245052717626e-02
3.430456542969e+02 1.337623503059e-02
3.430476074219e+02 1.808498520404e-03
3.430495605469e+02 1.211126986891e-02
3.430515136719e+02 7.153080310673e-03
3.430534667969e+02 7.880061864853e-03
3.430554199219e+02 1.159542053938e-02
3.430573730469e+02 6.775044836104e-03
3.430593261719e+02 3.714333288372e-03
3.430612792969e+02 2.787271514535e-03
3.430632324219e+02 2.792466897517e-03
3.430651855469e+02 7.750396616757e-03
3.430671386719e+02 3.541552927345e-03
3.430690917969e+02 -5.692628910765e-04
3.430710449219e+02 6.132617592812e-03
3.430729980469e+02 9.934919886291e-03
3.430749511719e+02 1.052012387663e-02
3.430769042969e+02 -2.108030254021e-03
3.430788574219e+02 4.445340018719e-03
3.430808105469e+02 2.080663834931e-04
3.430827636719e+02 8.552197366953e-03
3.430847167969e+02 6.087492220104e-03
3.430866699219e+02 6.696533877403e-03
3.430886230469e+02 1.116667059250e-03
3.430905761719e+02 5.123739596456e-03
3.430925292969e+02 9.011413902044e-03
3.430944824219e+02 6.222540047020e-03
3.430964355469e+02 1.633659750223e-02
3.430983886719e+02 1.325241290033e-02
3.431003417969e+02 1.316478755325e-02
3.431022949219e+02 1.880189403892e-02
3.431042480469e+02 3.362457826734e-02
3.431062011719e+02 4.856760427356e-02
3.431081542969e+02 5.804816260934e-02
3.431100769043e+02 4.447109997272e-02
3.431120300293e+02 2.794209122658e-02
3.431139831543e+02 1.506134588271e-02
3.431159362793e+02 6.477958988398e-03
3.431178894043e+02 9.000978432596e-03
3.431198425293e+02 9.484369307756e-03
3.431217956543e+02 1.394779141992e-02
3.431237487793e+02 3.355526365340e-03
3.431257019043e+02 3.156722057611e-03
3.431276550293e+02 5.532762967050e-03
3.431296081543e+02 4.919884260744e-03
3.431315612793e+02 1.313724927604e-02
3.431335144043e+02 5.496329627931e-03
3.431354675293e+02 7.839711382985e-03
3.431374206543e+02 5.780202336609e-03
3.431393737793e+02 9.740811772645e-03
3.431413269043e+02 3.944925498217e-03
3.431432800293e+02 2.659188350663e-03
3.431452331543e+02 6.881474982947e-03
3.431471862793e+02 4.184931982309e-03
3.431491394043e+02 5.265619605780e-03
3.431510925293e+02 5.219117272645e-03
3.431530456543e+02 -1.261470839381e-03
3.431549987793e+02 2.413236070424e-03
3.431569519043e+02 1.333881262690e-02
3.431589050293e+02 4.533785395324e-03
3.431608581543e+02 4.376094788313e-03
3.431628112793e+02 1.849466236308e-03
3.431647644043e+02 -4.319481085986e-03
3.431667175293e+02 -8.468378218822e-04
3.431686706543e+02 -1.112173870206e-02
3.431706237793e+02 -2.968974178657e-03
3.431725769043e+02 -6.304262205958e-04
3.431745300293e+02 1.182296895422e-03
3.431764831543e+02 5.092187784612e-03
3.431784362793e+02 7.602727971971e-03
3.431803894043e+02 6.526441313326e-03
3.431823425293e+02 1.250860746950e-02
3.431842956543e+02 8.438012562692e-03
3.431862487793e+02 2.287682145834e-03
3.431882019043e+02 1.044516637921e-02
3.431901550293e+02 1.801368221641e-02
3.431921081543e+02 1.891347765923e-02
3.431940612793e+02 1.057686191052e-02
3.431960144043e+02 7.466527167708e-03
3.431979675293e+02 2.244579978287e-02
3.431999206543e+02 1.051146350801e-02
3.432018737793e+02 1.091038528830e-02
3.432038269043e+02 9.112612344325e-03
3.432057800293e+02 0.000000000000e+00
3.432077331543e+02 0.000000000000e+00
3.432096862793e+02 0.000000000000e+00
3.432116394043e+02 0.000000000000e+00
3.432135925293e+02 0.000000000000e+00
3.432155456543e+02 0.000000000000e+00
3.432174987793e+02 0.000000000000e+00
3.432194519043e+02 0.000000000000e+00
3.432214050293e+02 0.000000000000e+00
3.432233581543e+02 0.000000000000e+00
3.432253112793e+02 0.000000000000e+00
3.432272644043e+02 0.000000000000e+00
3.432292175293e+02 0.000000000000e+00
3.432311706543e+02 5.366130732000e-03
3.432331237793e+02 -4.765114281327e-04
3.432350769043e+02 3.471381263807e-03
3.432370300293e+02 1.195303350687e-02
3.432389831543e+02 3.047694917768e-03
3.432409362793e+02 5.390062928200e-03
3.432428894043e+02 9.468763135374e-03
3.432448425293e+02 5.192228127271e-03
3.432467956543e+02 1.081386674196e-02
3.432487487793e+02 1.847261749208e-02
3.432507019043e+02 1.271760929376e-02
3.432526550293e+02 5.401316098869e-03
3.432546081543e+02 1.118690054864e-02
3.432565612793e+02 1.312735374086e-03
3.432585144043e+02 5.056517198682e-03
3.432604675293e+02 5.401290487498e-03
3.432624206543e+02 6.206737365574e-03
3.432643737793e+02 -6.216468755156e-03
3.432663269043e+02 3.914971312042e-04
3.432682800293e+02 2.683655591682e-03
3.432702331543e+02 1.695011276752e-03
3.432721862793e+02 2.167189959437e-03
3.432741394043e+02 3.217224264517e-03
3.432760925293e+02 5.122853443027e-03
3.432780456543e+02 -3.944672062062e-04
3.432799987793e+02 1.319326460361e-03
3.432819519043e+02 -1.304318895563e-03
3.432839050293e+02 1.034681219608e-03
3.432858581543e+02 -2.435884234728e-04
3.432878112793e+02 1.044712960720e-02
3.432897644043e+02 7.137291133404e-03
3.432917175293e+02 3.552470123395e-03
3.432936706543e+02 1.318548433483e-02
3.432956237793e+02 2.271692734212e-03
3.432975769043e+02 3.983234986663e-03
3.432995300293e+02 7.493470795453e-03
3.433014831543e+02 3.773121396080e-03
3.433034362793e+02 5.760696716607e-03
3.433053894043e+02 1.025296375155e-02
3.433073425293e+02 1.046067103744e-02
3.433092956543e+02 -2.046778332442e-03
3.433112487793e+02 1.625460921787e-03
3.433132019043e+02 4.500653129071e-03
3.433151550293e+02 3.492010524496e-03
3.433171081543e+02 1.406081486493e-03
3.433190612793e+02 0.000000000000e+00
