#title: Spectral profile - WHyaB7_spw0.clean.image-raster
#region (world): Ellipse[[13:49:01.941, -28d22m04.727], [13:49:01.922, -28d22m04.477]]
#region (pixel): Ellipse[[229, 221], [279, 271]]
#coordinate: world
#xLabel: frequency [GHz]
#yLabel: [Jy] Flux Density

# WHyaB7_spw0.clean.image-raster
3.440175476074e+02 1.325601525605e-02
3.440185241699e+02 2.337025851011e-02
3.440195007324e+02 2.450063824654e-02
3.440204772949e+02 2.886536158621e-02
3.440214538574e+02 4.643808677793e-02
3.440224304199e+02 5.039226636291e-02
3.440234069824e+02 2.193120121956e-02
3.440243835449e+02 3.757368028164e-02
3.440253601074e+02 2.412613853812e-02
3.440263366699e+02 3.068651072681e-02
3.440273132324e+02 1.105069275945e-02
3.440282897949e+02 1.304527558386e-02
3.440292663574e+02 2.250449918211e-02
3.440302429199e+02 3.024369478226e-02
3.440312194824e+02 1.924200914800e-02
3.440321960449e+02 2.232410199940e-02
3.440331726074e+02 4.684700444341e-02
3.440341491699e+02 4.218082502484e-02
3.440351257324e+02 3.641013801098e-02
3.440361022949e+02 2.198633737862e-02
3.440370788574e+02 3.224023431540e-02
3.440380554199e+02 3.477137535810e-02
3.440390319824e+02 3.158603981137e-02
3.440400085449e+02 2.749908529222e-02
3.440409851074e+02 3.753457963467e-02
3.440419616699e+02 2.794530615211e-02
3.440429382324e+02 2.413052693009e-02
3.440439147949e+02 2.216683141887e-02
3.440448913574e+02 1.365974079818e-02
3.440458679199e+02 6.555414292961e-03
3.440468444824e+02 1.576966140419e-03
3.440478210449e+02 1.773280277848e-02
3.440487976074e+02 2.895753644407e-02
3.440497741699e+02 3.056353144348e-02
3.440507507324e+02 1.395581755787e-02
3.440517272949e+02 9.137072600424e-03
3.440527038574e+02 1.360780838877e-02
3.440536804199e+02 1.684365235269e-02
3.440546569824e+02 7.097520399839e-03
3.440556335449e+02 1.043766643852e-02
3.440566101074e+02 7.051658350974e-03
3.440575866699e+02 1.710037887096e-02
3.440585632324e+02 7.085079327226e-03
3.440595397949e+02 5.401584319770e-03
3.440605163574e+02 1.556943356991e-02
3.440614929199e+02 6.650872528553e-03
3.440624694824e+02 4.829766694456e-03
3.440634460449e+02 2.293645963073e-02
3.440644226074e+02 3.162228316069e-02
3.440653991699e+02 2.175443992019e-02
3.440663757324e+02 3.173495456576e-02
3.440673522949e+02 4.447707533836e-02
3.440683288574e+02 4.607755690813e-02
3.440693054199e+02 3.955900669098e-02
3.440702819824e+02 3.728022053838e-02
3.440712585449e+02 3.165275603533e-02
3.440722351074e+02 2.093220874667e-02
3.440732116699e+02 1.365834474564e-02
3.440741882324e+02 1.174860354513e-02
3.440751647949e+02 1.105103362352e-02
3.440761413574e+02 2.482437156141e-02
3.440771179199e+02 1.062378380448e-02
3.440780944824e+02 7.162160705775e-03
3.440790710449e+02 2.122971229255e-02
3.440800476074e+02 2.970081195235e-02
3.440810241699e+02 2.161751501262e-02
3.440820007324e+02 4.165091365576e-02
3.440829772949e+02 1.354507915676e-02
3.440839538574e+02 -1.458952203393e-02
3.440849304199e+02 -3.633700252976e-04
3.440859069824e+02 8.283121511340e-03
3.440868835449e+02 9.693944826722e-03
3.440878601074e+02 1.067844033241e-02
3.440888366699e+02 2.538844197989e-02
3.440898132324e+02 1.565950363874e-02
3.440907897949e+02 1.309900265187e-02
3.440917663574e+02 1.978842914104e-02
3.440927429199e+02 2.005550451577e-02
3.440937194824e+02 1.017520390451e-02
3.440946960449e+02 1.901908963919e-02
3.440956726074e+02 2.087212726474e-02
3.440966491699e+02 8.052703924477e-03
3.440976257324e+02 7.875521667302e-03
3.440986022949e+02 1.792834326625e-02
3.440995788574e+02 7.339315023273e-03
3.441005554199e+02 1.815718784928e-02
3.441015319824e+02 2.857419475913e-02
3.441025085449e+02 3.189715370536e-02
3.441034851074e+02 1.404298190027e-02
3.441044616699e+02 1.125560607761e-02
3.441054382324e+02 1.454002223909e-02
3.441064147949e+02 3.145582973957e-02
3.441073913574e+02 2.385890344158e-03
3.441083679199e+02 1.700517721474e-02
3.441093444824e+02 2.213625982404e-02
3.441103210449e+02 2.193049341440e-02
3.441112976074e+02 2.386663667858e-02
3.441122741699e+02 1.255536917597e-02
3.441132507324e+02 1.932919025421e-02
3.441142272949e+02 2.655978687108e-02
3.441152038574e+02 3.018801286817e-02
3.441161804199e+02 1.434844359756e-02
3.441171569824e+02 1.202506944537e-02
3.441181335449e+02 1.487984601408e-02
3.441191101074e+02 1.155048981309e-02
3.441200866699e+02 8.735963143408e-03
3.441210632324e+02 1.209213119000e-02
3.441220397949e+02 2.235584519804e-02
3.441230163574e+02 2.365751191974e-02
3.441239929199e+02 1.919948495924e-02
3.441249694824e+02 4.898738116026e-03
3.441259460449e+02 2.252621576190e-03
3.441269226074e+02 1.213067863137e-02
3.441278991699e+02 1.740095391870e-02
3.441288757324e+02 3.259739140049e-03
3.441298522949e+02 1.755415834486e-02
3.441308288574e+02 2.451662439853e-03
3.441318054199e+02 8.584021590650e-03
3.441327819824e+02 1.832832768559e-02
3.441337585449e+02 9.550177492201e-03
3.441347351074e+02 1.390364207327e-02
3.441357116699e+02 2.214644849300e-02
3.441366882324e+02 2.547590620816e-02
3.441376647949e+02 2.407805435359e-02
3.441386413574e+02 1.383432652801e-02
3.441396179199e+02 -2.720238117035e-04
3.441405944824e+02 1.954164169729e-02
3.441415710449e+02 2.639433555305e-02
3.441425476074e+02 2.565551921725e-02
3.441435241699e+02 3.993546590209e-03
3.441445007324e+02 7.036223541945e-04
3.441454772949e+02 2.346740290523e-02
3.441464538574e+02 1.268901396543e-02
3.441474304199e+02 1.516437251121e-02
3.441484069824e+02 3.958055004478e-02
3.441493835449e+02 3.533421084285e-02
3.441503601074e+02 1.568682305515e-02
3.441513366699e+02 5.535944364965e-03
3.441523132324e+02 1.049489248544e-02
3.441532897949e+02 7.519377861172e-03
3.441542663574e+02 7.325697690248e-03
3.441552429199e+02 -1.048555318266e-02
3.441562194824e+02 1.959216594696e-02
3.441571960449e+02 2.836884744465e-02
3.441581726074e+02 1.669194316491e-03
3.441591491699e+02 -7.927521131933e-03
3.441601257324e+02 9.650063293520e-05
3.441611022949e+02 9.975604712963e-03
3.441620788574e+02 6.363823078573e-03
3.441630249023e+02 2.257095882669e-03
3.441640014648e+02 -2.392612397671e-03
3.441649780273e+02 -1.267561875284e-02
3.441659545898e+02 -4.831033758819e-03
3.441669311523e+02 -9.421770460904e-03
3.441679077148e+02 -5.702624097466e-03
3.441688842773e+02 -2.021272853017e-02
3.441698608398e+02 -2.290890552104e-02
3.441708374023e+02 -3.703982802108e-03
3.441718139648e+02 -1.032370515168e-02
3.441727905273e+02 1.527838036418e-02
3.441737670898e+02 4.016374424100e-02
3.441747436523e+02 3.360052034259e-02
3.441757202148e+02 4.190389066935e-02
3.441766967773e+02 7.107987254858e-02
3.441776733398e+02 1.068164706230e-01
3.441786499023e+02 1.272057145834e-01
3.441796264648e+02 1.692482829094e-01
3.441806030273e+02 1.623760759830e-01
3.441815795898e+02 1.410502940416e-01
3.441825561523e+02 1.086320579052e-01
3.441835327148e+02 7.980776578188e-02
3.441845092773e+02 5.729828402400e-02
3.441854858398e+02 3.347271680832e-02
3.441864624023e+02 1.794088818133e-02
3.441874389648e+02 2.388764731586e-02
3.441884155273e+02 3.246504068375e-02
3.441893920898e+02 2.625398710370e-02
3.441903686523e+02 5.005748197436e-02
3.441913452148e+02 3.585283830762e-02
3.441923217773e+02 4.110127314925e-02
3.441932983398e+02 3.591123595834e-02
3.441942749023e+02 3.189187869430e-02
3.441952514648e+02 5.569470673800e-02
3.441962280273e+02 6.518679857254e-02
3.441972045898e+02 5.477839335799e-02
3.441981811523e+02 5.120893940330e-02
3.441991577148e+02 5.709066987038e-02
3.442001342773e+02 4.156214371324e-02
3.442011108398e+02 5.387796089053e-02
3.442020874023e+02 3.246594592929e-02
3.442030639648e+02 3.437504917383e-02
3.442040405273e+02 4.610973224044e-02
3.442050170898e+02 1.399450935423e-02
3.442059936523e+02 1.646410673857e-02
3.442069702148e+02 1.581506617367e-02
3.442079467773e+02 2.465385757387e-02
3.442089233398e+02 2.266459912062e-02
3.442098999023e+02 2.496621944010e-02
3.442108764648e+02 2.818852476776e-02
3.442118530273e+02 1.820283941925e-02
3.442128295898e+02 7.336881477386e-03
3.442138061523e+02 9.490140713751e-03
3.442147827148e+02 1.898612082005e-02
3.442157592773e+02 2.569328248501e-02
3.442167358398e+02 1.407923176885e-02
3.442177124023e+02 6.887314375490e-03
3.442186889648e+02 -1.108698314056e-03
3.442196655273e+02 4.633449949324e-03
3.442206420898e+02 1.273981947452e-02
3.442216186523e+02 2.994942106307e-02
3.442225952148e+02 4.115393012762e-02
3.442235717773e+02 4.035926237702e-02
3.442245483398e+02 4.297331720591e-02
3.442255249023e+02 3.261926397681e-02
3.442265014648e+02 6.227465346456e-02
3.442274780273e+02 6.531535089016e-02
3.442284545898e+02 5.112309753895e-02
3.442294311523e+02 4.161573573947e-02
3.442304077148e+02 4.719024151564e-02
3.442313842773e+02 4.481582716107e-02
3.442323608398e+02 3.153835237026e-02
3.442333374023e+02 2.602095901966e-02
3.442343139648e+02 3.545681387186e-02
3.442352905273e+02 2.533385343850e-02
3.442362670898e+02 1.872686482966e-02
3.442372436523e+02 1.686946861446e-02
3.442382202148e+02 3.692069277167e-02
3.442391967773e+02 4.105347394943e-02
3.442401733398e+02 3.083020076156e-02
3.442411499023e+02 3.262616321445e-02
3.442421264648e+02 1.934851147234e-02
3.442431030273e+02 1.406164001673e-02
3.442440795898e+02 1.760519109666e-02
3.442450561523e+02 1.932413876057e-02
3.442460327148e+02 2.721996977925e-02
3.442470092773e+02 2.992902509868e-02
3.442479858398e+02 2.547272667289e-02
3.442489624023e+02 3.028402291238e-02
3.442499389648e+02 4.819401726127e-02
3.442509155273e+02 3.448949754238e-02
3.442518920898e+02 6.430351734161e-02
3.442528686523e+02 8.971427381039e-02
3.442538452148e+02 1.666534841061e-01
3.442548217773e+02 2.841937541962e-01
3.442557983398e+02 3.959459662437e-01
3.442567749023e+02 5.773058533669e-01
3.442577514648e+02 7.815970778465e-01
3.442587280273e+02 9.053559899330e-01
3.442597045898e+02 1.016818284988e+00
3.442606811523e+02 1.128002882004e+00
3.442616577148e+02 1.207114100456e+00
3.442626342773e+02 1.201143264771e+00
3.442636108398e+02 1.154983282089e+00
3.442645874023e+02 1.069443345070e+00
3.442655639648e+02 9.799700379372e-01
3.442665405273e+02 9.431183934212e-01
3.442675170898e+02 9.108853936195e-01
3.442684936523e+02 8.290375471115e-01
3.442694702148e+02 4.328940808773e-01
3.442704467773e+02 3.530704379082e-01
3.442714233398e+02 5.709918737411e-01
3.442723999023e+02 5.228065848351e-01
3.442733764648e+02 4.074975848198e-01
3.442743530273e+02 2.721141576767e-01
3.442753295898e+02 1.728408187628e-01
3.442763061523e+02 1.175057590008e-01
3.442772827148e+02 9.350713342428e-02
3.442782592773e+02 7.633796334267e-02
3.442792358398e+02 5.372406914830e-02
3.442802124023e+02 4.587415233254e-02
3.442811889648e+02 4.566157236695e-02
3.442821655273e+02 4.189959913492e-02
3.442831420898e+02 4.224295541644e-02
3.442841186523e+02 3.827603161335e-02
3.442850952148e+02 2.747436799109e-02
3.442860717773e+02 3.278132528067e-02
3.442870483398e+02 2.510533295572e-02
3.442880249023e+02 1.075155287981e-02
3.442890014648e+02 1.232081837952e-02
3.442899780273e+02 1.010278332978e-02
3.442909545898e+02 2.151658758521e-02
3.442919311523e+02 2.933202683926e-02
3.442929077148e+02 3.633366152644e-02
3.442938842773e+02 1.181726623327e-02
3.442948608398e+02 6.710863672197e-03
3.442958374023e+02 2.137932181358e-02
3.442968139648e+02 2.555337175727e-02
3.442977905273e+02 3.600836917758e-02
3.442987670898e+02 2.227662876248e-02
3.442997436523e+02 1.641524396837e-02
3.443007202148e+02 2.696257829666e-02
3.443016967773e+02 1.799191348255e-02
3.443026733398e+02 1.343241333961e-02
3.443036499023e+02 1.678361371160e-02
3.443046264648e+02 8.303472772241e-03
3.443056030273e+02 2.107283473015e-02
3.443065795898e+02 7.226578891277e-03
3.443075561523e+02 -7.838720339350e-04
3.443085327148e+02 1.684799604118e-02
3.443095092773e+02 1.226128917187e-02
3.443104858398e+02 1.330731809139e-02
3.443114624023e+02 2.669942192733e-02
3.443124389648e+02 2.521235868335e-02
3.443134155273e+02 2.373444661498e-02
3.443143920898e+02 3.182981163263e-02
3.443153686523e+02 2.709061652422e-02
3.443163452148e+02 2.760667586699e-03
3.443173217773e+02 1.675612106919e-02
3.443182983398e+02 2.802487835288e-02
3.443192749023e+02 9.337184950709e-03
3.443202514648e+02 2.729690168053e-03
3.443212280273e+02 1.071111671627e-02
3.443222045898e+02 -4.475616151467e-04
3.443231811523e+02 2.412208355963e-03
3.443241577148e+02 1.997780241072e-02
3.443251342773e+02 2.714393846691e-02
3.443261108398e+02 1.491712871939e-02
3.443270874023e+02 2.392315119505e-02
3.443280639648e+02 2.012610249221e-02
3.443290405273e+02 2.423224784434e-02
3.443300170898e+02 1.219947449863e-02
3.443309936523e+02 3.545020148158e-02
3.443319702148e+02 1.713558658957e-02
3.443329467773e+02 7.646474521607e-03
3.443339233398e+02 1.997372508049e-02
3.443348999023e+02 2.144385501742e-02
3.443358764648e+02 1.331725809723e-02
3.443368530273e+02 3.268304467201e-02
3.443378295898e+02 1.715729758143e-02
3.443388061523e+02 1.652696542442e-02
3.443397827148e+02 1.747434586287e-02
3.443407592773e+02 2.767542377114e-02
3.443417358398e+02 2.036450244486e-02
3.443427124023e+02 -9.970635175705e-03
3.443436889648e+02 1.807305030525e-02
3.443446655273e+02 2.499707043171e-02
3.443456420898e+02 3.077967651188e-02
3.443466186523e+02 1.261296775192e-02
3.443475952148e+02 1.829304918647e-02
3.443485717773e+02 1.035132724792e-02
3.443495483398e+02 1.884816028178e-02
3.443505249023e+02 2.004346437752e-02
3.443515014648e+02 1.409711875021e-02
3.443524780273e+02 1.343493629247e-02
3.443534545898e+02 1.105339173228e-02
3.443544311523e+02 1.808335259557e-02
3.443554077148e+02 1.698688976467e-02
3.443563842773e+02 1.489780470729e-02
3.443573608398e+02 1.598590612411e-02
3.443583374023e+02 1.517138257623e-02
3.443593139648e+02 2.816992998123e-02
3.443602905273e+02 1.442008092999e-02
3.443612670898e+02 2.906937152147e-02
3.443622436523e+02 2.181059867144e-02
3.443632202148e+02 2.188348770142e-02
3.443641967773e+02 6.257359404117e-03
3.443651733398e+02 2.053749561310e-02
3.443661499023e+02 2.572893351316e-02
3.443671264648e+02 2.086512744427e-02
3.443681030273e+02 3.552678599954e-02
3.443690795898e+02 3.983033448458e-02
3.443700561523e+02 3.116897121072e-02
3.443710327148e+02 3.036106936634e-02
3.443720092773e+02 4.084458947182e-02
3.443729858398e+02 4.384837672114e-02
3.443739624023e+02 3.927075490355e-02
3.443749389648e+02 6.118490546942e-02
3.443759155273e+02 5.748297274113e-02
3.443768920898e+02 5.836049467325e-02
3.443778686523e+02 5.356501042843e-02
3.443788452148e+02 4.480072483420e-02
3.443798217773e+02 6.368996948004e-02
3.443807983398e+02 8.269531279802e-02
3.443817749023e+02 1.032070145011e-01
3.443827514648e+02 1.312689930201e-01
3.443837280273e+02 1.444177925587e-01
3.443847045898e+02 1.454195678234e-01
3.443856811523e+02 1.519020646811e-01
3.443866577148e+02 1.636165231466e-01
3.443876342773e+02 1.689904928207e-01
3.443886108398e+02 1.866256445646e-01
3.443895874023e+02 1.975918412209e-01
3.443905639648e+02 1.664210855961e-01
3.443915405273e+02 1.477906256914e-01
3.443925170898e+02 1.517522186041e-01
3.443934936523e+02 1.696867793798e-01
3.443944702148e+02 1.903979331255e-01
3.443954467773e+02 1.981040537357e-01
3.443964233398e+02 2.038237154484e-01
3.443973999023e+02 2.128936499357e-01
3.443983764648e+02 2.245910018682e-01
3.443993530273e+02 2.227275669575e-01
3.444003295898e+02 2.378181368113e-01
3.444013061523e+02 2.176137715578e-01
3.444022827148e+02 2.198226600885e-01
3.444032592773e+02 2.124688625336e-01
3.444042358398e+02 2.103856950998e-01
3.444052124023e+02 2.017540782690e-01
3.444061889648e+02 2.281906902790e-01
3.444071655273e+02 2.536464333534e-01
3.444081420898e+02 2.678896486759e-01
3.444091186523e+02 2.489691823721e-01
3.444100952148e+02 2.265266478062e-01
3.444110717773e+02 2.206139564514e-01
3.444120483398e+02 2.361736744642e-01
3.444130249023e+02 2.294719070196e-01
3.444140014648e+02 2.405394762754e-01
3.444149780273e+02 2.277370095253e-01
3.444159545898e+02 2.204110920429e-01
3.444169311523e+02 2.401774376631e-01
3.444179077148e+02 2.957204878330e-01
3.444188842773e+02 2.695235610008e-01
3.444198608398e+02 2.411054670811e-01
3.444208374023e+02 2.065321952105e-01
3.444218139648e+02 1.736142039299e-01
3.444227905273e+02 1.916919648647e-01
3.444237670898e+02 1.949013620615e-01
3.444247436523e+02 1.814524680376e-01
3.444257202148e+02 1.522144079208e-01
3.444266967773e+02 1.255073547363e-01
3.444276733398e+02 1.170479580760e-01
3.444286499023e+02 1.115956604481e-01
3.444296264648e+02 1.188670247793e-01
3.444306030273e+02 1.543561220169e-01
3.444315795898e+02 1.463551223278e-01
3.444325561523e+02 1.359109282494e-01
3.444335327148e+02 1.082429587841e-01
3.444345092773e+02 6.418104469776e-02
3.444354858398e+02 6.515892595053e-02
3.444364624023e+02 6.147673726082e-02
3.444374389648e+02 5.032331123948e-02
3.444384155273e+02 3.250571712852e-02
3.444393920898e+02 3.718063235283e-02
3.444403686523e+02 3.359109163284e-02
3.444413452148e+02 3.212699666619e-02
3.444423217773e+02 4.075860604644e-02
3.444432983398e+02 2.710253186524e-02
3.444442749023e+02 2.545630931854e-02
3.444452514648e+02 2.686673216522e-02
3.444462280273e+02 4.145728796721e-02
3.444472045898e+02 3.015928901732e-02
3.444481811523e+02 1.838327758014e-02
3.444491577148e+02 1.425636466593e-03
3.444501342773e+02 2.388938330114e-02
3.444511108398e+02 1.478166319430e-02
3.444520874023e+02 2.606991864741e-02
3.444530639648e+02 2.348434925079e-02
3.444540405273e+02 1.523069757968e-02
3.444550170898e+02 7.841127924621e-03
3.444559936523e+02 5.952448118478e-03
3.444569702148e+02 2.814758382738e-02
3.444579467773e+02 3.163792565465e-02
3.444589233398e+02 3.900954965502e-03
3.444598999023e+02 5.496399942786e-03
3.444608764648e+02 2.467712573707e-02
3.444618530273e+02 1.601668819785e-02
3.444628295898e+02 2.740686014295e-02
3.444638061523e+02 4.078370332718e-02
3.444647827148e+02 1.587283238769e-02
3.444657592773e+02 1.805999130011e-02
3.444667358398e+02 2.381072938442e-02
3.444677124023e+02 2.759995684028e-02
3.444686889648e+02 1.126783713698e-02
3.444696655273e+02 1.537367701530e-02
3.444706420898e+02 1.541258208454e-02
3.444716186523e+02 2.754085138440e-02
3.444725952148e+02 1.781288534403e-02
3.444735717773e+02 2.615470439196e-02
3.444745483398e+02 4.689801484346e-02
3.444755249023e+02 3.836727887392e-02
3.444765014648e+02 2.769896201789e-02
3.444774780273e+02 1.787884533405e-02
3.444784545898e+02 2.533028833568e-02
3.444794311523e+02 2.996642701328e-02
3.444804077148e+02 2.732917480171e-02
3.444813842773e+02 2.506236173213e-02
3.444823608398e+02 1.890850067139e-02
3.444833374023e+02 7.853526622057e-03
3.444843139648e+02 1.251763547771e-03
3.444852905273e+02 4.235120490193e-03
3.444862670898e+02 8.976514451206e-03
3.444872436523e+02 3.553068265319e-02
3.444882202148e+02 2.944879792631e-02
3.444891967773e+02 1.292578503489e-02
3.444901733398e+02 2.144720219076e-02
3.444911499023e+02 1.672638021410e-02
3.444921264648e+02 1.386124268174e-02
3.444931030273e+02 2.185289002955e-02
3.444940795898e+02 3.512512892485e-02
3.444950561523e+02 1.128257997334e-02
3.444960327148e+02 2.214005962014e-02
3.444970092773e+02 2.588683553040e-02
3.444979858398e+02 2.050012908876e-02
3.444989624023e+02 1.087693683803e-02
3.444999389648e+02 2.229825407267e-02
3.445009155273e+02 8.950814604759e-03
3.445018920898e+02 1.499810721725e-02
3.445028686523e+02 2.118798345327e-02
3.445038452148e+02 3.530262038112e-02
3.445048217773e+02 1.891504228115e-02
3.445057983398e+02 2.925047092140e-02
3.445067749023e+02 2.588617801666e-02
3.445077514648e+02 1.989578269422e-02
3.445087280273e+02 4.478718619794e-03
3.445097045898e+02 4.170109052211e-03
3.445106811523e+02 1.339122466743e-02
3.445116577148e+02 1.615777611732e-02
3.445126342773e+02 2.050146088004e-02
3.445136108398e+02 1.983175054193e-02
3.445145874023e+02 1.705476269126e-02
3.445155639648e+02 2.151508815587e-02
3.445165405273e+02 1.610220037401e-02
3.445175170898e+02 2.498165518045e-02
3.445184936523e+02 2.946240827441e-02
3.445194702148e+02 5.573543906212e-02
3.445204467773e+02 5.103122070432e-02
3.445214233398e+02 4.047740623355e-02
3.445223999023e+02 5.271418020129e-02
3.445233764648e+02 4.455197975039e-02
3.445243530273e+02 3.124779835343e-02
3.445253295898e+02 4.908144474030e-02
3.445263061523e+02 3.958924114704e-02
3.445272827148e+02 4.097815975547e-02
3.445282592773e+02 5.037095397711e-02
3.445292358398e+02 3.810023516417e-02
3.445302124023e+02 3.608936443925e-02
3.445311889648e+02 4.203590378165e-02
3.445321655273e+02 5.020895972848e-02
3.445331420898e+02 6.472393870354e-02
3.445341186523e+02 5.570389330387e-02
3.445350952148e+02 7.640479505062e-02
3.445360717773e+02 8.741151541471e-02
3.445370483398e+02 7.959651201963e-02
3.445380249023e+02 5.835713073611e-02
3.445390014648e+02 5.683336406946e-02
3.445399780273e+02 6.737015396357e-02
3.445409545898e+02 5.519827827811e-02
3.445419311523e+02 5.292385444045e-02
3.445429077148e+02 5.929620563984e-02
3.445438842773e+02 3.959871456027e-02
3.445448608398e+02 3.079362958670e-02
3.445458374023e+02 2.299701608717e-02
3.445468139648e+02 2.201089821756e-02
3.445477905273e+02 3.000958450139e-02
3.445487670898e+02 3.490097075701e-02
3.445497436523e+02 2.877417020500e-02
3.445507202148e+02 3.284936398268e-02
3.445516967773e+02 3.691758960485e-02
3.445526733398e+02 3.049056045711e-02
3.445536499023e+02 2.663586474955e-02
3.445546264648e+02 2.037619799376e-02
3.445556030273e+02 4.575540125370e-02
3.445565795898e+02 5.043675377965e-02
3.445575561523e+02 5.318024009466e-02
3.445585327148e+02 5.180815234780e-02
3.445595092773e+02 9.338399767876e-02
3.445604858398e+02 1.099461019039e-01
3.445614624023e+02 1.541450917721e-01
3.445624389648e+02 1.737514734268e-01
3.445634155273e+02 1.907712370157e-01
3.445643920898e+02 2.193391025066e-01
3.445653686523e+02 2.519077360630e-01
3.445663452148e+02 2.377120405436e-01
3.445673217773e+02 2.464052736759e-01
3.445682983398e+02 2.557256817818e-01
3.445692749023e+02 2.295484393835e-01
3.445702514648e+02 1.760796159506e-01
3.445712280273e+02 1.304766684771e-01
3.445722045898e+02 6.871557980776e-02
3.445731811523e+02 6.912110000849e-02
3.445741577148e+02 6.325045973063e-02
3.445751342773e+02 5.086992681026e-02
3.445761108398e+02 5.493342131376e-02
3.445770874023e+02 5.526828020811e-02
3.445780639648e+02 5.084768310189e-02
3.445790405273e+02 5.054907128215e-02
3.445800170898e+02 6.413260102272e-02
3.445809936523e+02 7.750469446182e-02
3.445819702148e+02 9.043158590794e-02
3.445829467773e+02 9.865253418684e-02
3.445839233398e+02 9.149613231421e-02
3.445848999023e+02 8.051767200232e-02
3.445858764648e+02 7.373037189245e-02
3.445868530273e+02 6.714930385351e-02
3.445878295898e+02 4.394619911909e-02
3.445888061523e+02 4.487927258015e-02
3.445897827148e+02 3.604710474610e-02
3.445907592773e+02 2.702581137419e-02
3.445917358398e+02 2.519688382745e-02
3.445927124023e+02 1.128285191953e-02
3.445936889648e+02 2.001186460257e-02
3.445946655273e+02 1.752675883472e-02
3.445956420898e+02 3.268489614129e-02
3.445966186523e+02 1.992796547711e-02
3.445975952148e+02 2.730248309672e-02
3.445985717773e+02 2.397724427283e-02
3.445995483398e+02 1.575888693333e-02
3.446005249023e+02 1.744828745723e-02
3.446015014648e+02 -4.247595788911e-04
3.446024780273e+02 2.114432491362e-02
3.446034545898e+02 3.576618432999e-02
3.446044311523e+02 3.478596359491e-02
3.446054077148e+02 1.981129683554e-02
3.446063842773e+02 3.225165978074e-02
3.446073608398e+02 1.107735745609e-02
3.446083374023e+02 1.430845074356e-02
3.446093139648e+02 1.927696168423e-02
3.446102905273e+02 1.724234968424e-02
3.446112670898e+02 1.101453136653e-02
3.446122436523e+02 2.015130221844e-02
3.446132202148e+02 3.341930359602e-02
3.446141967773e+02 3.452496230602e-02
3.446151733398e+02 3.420420736074e-02
3.446161499023e+02 2.279368415475e-02
3.446171264648e+02 2.137684449553e-02
3.446181030273e+02 1.008373871446e-02
3.446190795898e+02 1.997864805162e-03
3.446200561523e+02 2.797664701939e-02
3.446210327148e+02 3.289691731334e-02
3.446220092773e+02 1.653792150319e-02
3.446229858398e+02 5.746590904891e-03
3.446239624023e+02 1.508628949523e-02
3.446249389648e+02 2.457331866026e-02
3.446259155273e+02 3.785015642643e-02
3.446268920898e+02 3.451516479254e-02
3.446278686523e+02 4.230820760131e-02
3.446288452148e+02 2.688395790756e-02
3.446298217773e+02 3.142635896802e-02
3.446307983398e+02 2.952782250941e-02
3.446317749023e+02 3.233383968472e-02
3.446327514648e+02 1.823188923299e-02
3.446337280273e+02 8.603405207396e-03
3.446347045898e+02 2.298459410667e-02
3.446356811523e+02 3.348444774747e-02
3.446366577148e+02 2.679518982768e-02
3.446376342773e+02 1.720909215510e-02
3.446386108398e+02 3.178469464183e-02
3.446395874023e+02 3.379118070006e-02
3.446405639648e+02 3.492723777890e-02
3.446415405273e+02 2.169159613550e-02
3.446425170898e+02 1.398594863713e-02
3.446434936523e+02 8.841616101563e-03
3.446444702148e+02 1.762080192566e-02
3.446454467773e+02 5.793811287731e-03
3.446464233398e+02 2.564428839833e-03
3.446473999023e+02 1.356202643365e-02
3.446483764648e+02 7.558543700725e-03
3.446493530273e+02 1.386175584048e-02
3.446503295898e+02 7.032031193376e-03
3.446513061523e+02 8.705723099411e-03
3.446522827148e+02 3.947841469198e-03
3.446532592773e+02 1.922066695988e-02
3.446542358398e+02 2.517729252577e-02
3.446552124023e+02 4.630279913545e-02
3.446561889648e+02 3.811743110418e-02
3.446571655273e+02 2.941069938242e-02
3.446581420898e+02 5.225030332804e-02
3.446591186523e+02 7.593806087971e-02
3.446600952148e+02 9.278745949268e-02
3.446610717773e+02 8.342818915844e-02
3.446620483398e+02 8.171972632408e-02
3.446630249023e+02 8.519926667213e-02
3.446640014648e+02 7.367134839296e-02
3.446649780273e+02 7.385638356209e-02
3.446659545898e+02 5.270594730973e-02
3.446669311523e+02 5.117157474160e-02
3.446679077148e+02 5.066999793053e-02
3.446688842773e+02 3.201696276665e-02
3.446698608398e+02 3.941415622830e-02
3.446708374023e+02 4.005442559719e-02
3.446718139648e+02 3.011117316782e-02
3.446727905273e+02 3.459702432156e-02
3.446737670898e+02 5.399045720696e-02
3.446747436523e+02 6.142287328839e-02
3.446757202148e+02 6.880908459425e-02
3.446766967773e+02 8.644452691078e-02
3.446776733398e+02 1.222050562501e-01
3.446786499023e+02 8.980350196362e-02
3.446796264648e+02 6.983323395252e-02
3.446806030273e+02 5.520189553499e-02
3.446815795898e+02 3.555238619447e-02
3.446825561523e+02 3.739883750677e-02
3.446835327148e+02 2.192748151720e-02
3.446845092773e+02 3.108445554972e-02
3.446854858398e+02 2.745481953025e-02
3.446864624023e+02 1.836534030735e-02
3.446874389648e+02 4.183818120509e-03
3.446884155273e+02 1.107692718506e-02
3.446893920898e+02 1.826906390488e-02
3.446903686523e+02 8.299824781716e-03
3.446913452148e+02 1.620485633612e-02
3.446923217773e+02 1.106750871986e-02
3.446932983398e+02 1.471181306988e-02
3.446942749023e+02 1.304426882416e-02
3.446952514648e+02 1.677104458213e-02
3.446962280273e+02 2.997349947691e-02
3.446972045898e+02 3.467504307628e-02
3.446981811523e+02 1.002228166908e-02
3.446991577148e+02 1.660131290555e-02
3.447001342773e+02 1.626613736153e-02
3.447011108398e+02 3.133929893374e-02
3.447020874023e+02 1.405172515661e-02
3.447030639648e+02 2.257672511041e-02
3.447040405273e+02 2.140045724809e-02
3.447050170898e+02 1.978999003768e-02
3.447059936523e+02 5.791391246021e-03
3.447069702148e+02 -5.292228888720e-03
3.447079467773e+02 1.836324855685e-02
3.447089233398e+02 7.403140421957e-03
3.447098999023e+02 1.278364937752e-02
3.447108764648e+02 7.960368879139e-03
3.447118530273e+02 1.297274976969e-02
3.447128295898e+02 2.345790714025e-02
3.447138061523e+02 1.821855455637e-02
3.447147827148e+02 1.711523160338e-02
3.447157592773e+02 5.683939438313e-03
3.447167358398e+02 6.695504765958e-03
3.447177124023e+02 1.810650900006e-02
3.447186889648e+02 1.394397951663e-02
3.447196655273e+02 2.517241612077e-02
3.447206420898e+02 4.340683575720e-03
3.447216186523e+02 4.991754423827e-03
3.447225952148e+02 1.099819783121e-02
3.447235717773e+02 1.257355790585e-02
3.447245483398e+02 4.244602750987e-03
3.447255249023e+02 3.060888685286e-02
3.447265014648e+02 2.979060821235e-02
3.447274780273e+02 2.801308222115e-02
3.447284545898e+02 4.589395597577e-02
3.447294311523e+02 4.590368270874e-02
3.447304077148e+02 4.022815451026e-02
3.447313842773e+02 7.858881354332e-02
3.447323608398e+02 8.687926083803e-02
3.447333374023e+02 8.846461772919e-02
3.447343139648e+02 9.930964559317e-02
3.447352905273e+02 9.991908818483e-02
3.447362365723e+02 9.443625807762e-02
3.447372131348e+02 8.625812828541e-02
3.447381896973e+02 8.125057816505e-02
3.447391662598e+02 6.552712619305e-02
3.447401428223e+02 5.114186182618e-02
3.447411193848e+02 2.483890578151e-02
3.447420959473e+02 2.940061129630e-02
3.447430725098e+02 1.673024892807e-02
3.447440490723e+02 2.564195543528e-02
3.447450256348e+02 1.225374639034e-02
3.447460021973e+02 2.303717657924e-02
3.447469787598e+02 3.525419626385e-03
3.447479553223e+02 2.073717862368e-02
3.447489318848e+02 2.459630556405e-02
3.447499084473e+02 1.847959496081e-02
3.447508850098e+02 9.145813994110e-03
3.447518615723e+02 1.758330687881e-02
3.447528381348e+02 1.976158469915e-02
3.447538146973e+02 2.821341156960e-02
3.447547912598e+02 2.792704477906e-02
3.447557678223e+02 2.540835738182e-02
3.447567443848e+02 3.808510303497e-02
3.447577209473e+02 3.916233032942e-02
3.447586975098e+02 4.239452630281e-02
3.447596740723e+02 4.829932004213e-02
3.447606506348e+02 4.826567694545e-02
3.447616271973e+02 5.812460184097e-02
3.447626037598e+02 5.534963309765e-02
3.447635803223e+02 4.878424480557e-02
3.447645568848e+02 3.908127173781e-02
3.447655334473e+02 2.595450542867e-02
3.447665100098e+02 2.749910205603e-02
3.447674865723e+02 3.497626632452e-02
3.447684631348e+02 2.925107255578e-02
3.447694396973e+02 3.086793236434e-02
3.447704162598e+02 2.448387630284e-02
3.447713928223e+02 1.017941907048e-02
3.447723693848e+02 2.012008056045e-02
3.447733459473e+02 1.179649401456e-02
3.447743225098e+02 2.128864638507e-02
3.447752990723e+02 1.181851327419e-02
3.447762756348e+02 1.589388400316e-02
3.447772521973e+02 1.013929117471e-02
3.447782287598e+02 2.037401311100e-02
3.447792053223e+02 3.347158059478e-02
3.447801818848e+02 2.701758965850e-02
3.447811584473e+02 1.982795074582e-02
3.447821350098e+02 2.402238361537e-02
3.447831115723e+02 2.099741622806e-02
3.447840881348e+02 1.181188318878e-02
3.447850646973e+02 1.435157842934e-02
3.447860412598e+02 2.075977064669e-02
3.447870178223e+02 1.554907020181e-02
3.447879943848e+02 1.246169582009e-02
3.447889709473e+02 6.996206473559e-03
3.447899475098e+02 -1.178625505418e-02
3.447909240723e+02 -2.789371460676e-02
3.447919006348e+02 -4.101661965251e-02
3.447928771973e+02 -1.944930851460e-02
3.447938537598e+02 -3.717278130352e-03
3.447948303223e+02 -5.462412722409e-03
3.447958068848e+02 -1.738083921373e-02
3.447967834473e+02 2.376295451540e-04
3.447977600098e+02 3.501652274281e-03
3.447987365723e+02 7.187115028501e-03
3.447997131348e+02 2.355347387493e-02
3.448006896973e+02 2.855200506747e-02
3.448016662598e+02 3.456493467093e-02
3.448026428223e+02 6.214584782720e-02
3.448036193848e+02 5.727363005280e-02
3.448045959473e+02 7.132029533386e-02
3.448055725098e+02 9.306387603283e-02
3.448065490723e+02 9.007851034403e-02
3.448075256348e+02 6.136598438025e-02
3.448085021973e+02 7.184222340584e-02
3.448094787598e+02 4.726001247764e-02
3.448104553223e+02 4.441992938519e-02
3.448114318848e+02 1.880996488035e-02
3.448124084473e+02 2.760667726398e-02
3.448133850098e+02 2.908164821565e-02
3.448143615723e+02 3.916345909238e-02
3.448153381348e+02 3.844787552953e-02
3.448163146973e+02 4.567334055901e-02
3.448172912598e+02 4.867908358574e-02
3.448182678223e+02 3.298387676477e-02
3.448192443848e+02 1.839327998459e-02
3.448202209473e+02 2.687710337341e-02
3.448211975098e+02 2.906567417085e-02
3.448221740723e+02 -2.131383400410e-03
3.448231506348e+02 1.926868781447e-02
3.448241271973e+02 3.407051786780e-02
3.448251037598e+02 3.316465020180e-02
3.448260803223e+02 2.346765622497e-02
3.448270568848e+02 1.115449145436e-02
3.448280334473e+02 1.577896438539e-02
3.448290100098e+02 2.154375053942e-02
3.448299865723e+02 1.955477707088e-02
3.448309631348e+02 1.768426783383e-02
3.448319396973e+02 1.857626065612e-02
3.448329162598e+02 1.308150682598e-02
3.448338928223e+02 2.811292558908e-02
3.448348693848e+02 2.056373283267e-02
3.448358459473e+02 1.980792544782e-02
3.448368225098e+02 1.892448216677e-02
3.448377990723e+02 1.788452081382e-02
3.448387756348e+02 1.164511963725e-02
3.448397521973e+02 1.291718520224e-02
3.448407287598e+02 1.742673665285e-02
3.448417053223e+02 2.290160022676e-02
3.448426818848e+02 3.346962109208e-02
3.448436584473e+02 1.419650949538e-02
3.448446350098e+02 1.910199411213e-02
3.448456115723e+02 1.390157965943e-03
3.448465881348e+02 8.646752685308e-03
3.448475646973e+02 1.462114392780e-03
3.448485412598e+02 -2.429093234241e-02
3.448495178223e+02 -3.715084120631e-02
3.448504943848e+02 -5.147469043732e-02
3.448514709473e+02 -6.259404122829e-02
3.448524475098e+02 -7.015832513571e-02
3.448534240723e+02 -7.948236912489e-02
3.448544006348e+02 -7.966429740191e-02
3.448553771973e+02 -4.877505823970e-02
3.448563537598e+02 -1.830448396504e-02
3.448573303223e+02 5.639439076185e-02
3.448583068848e+02 1.505039036274e-01
3.448592834473e+02 2.721697986126e-01
3.448602600098e+02 4.033024907112e-01
3.448612365723e+02 5.309188961983e-01
3.448622131348e+02 7.041404247284e-01
3.448631896973e+02 9.401925802231e-01
3.448641662598e+02 1.186900019646e+00
3.448651428223e+02 1.419583201408e+00
3.448661193848e+02 1.635741829872e+00
3.448670959473e+02 1.831904172897e+00
3.448680725098e+02 1.992375135422e+00
3.448690490723e+02 2.096304416656e+00
3.448700256348e+02 2.054521560669e+00
3.448710021973e+02 1.773709297180e+00
3.448719787598e+02 1.507237911224e+00
3.448729553223e+02 1.241844296455e+00
3.448739318848e+02 1.011859893799e+00
3.448749084473e+02 7.976567745209e-01
3.448758850098e+02 6.908996105194e-01
3.448768615723e+02 6.744177937508e-01
3.448778381348e+02 7.134875059128e-01
3.448788146973e+02 7.296912074089e-01
3.448797912598e+02 6.693376898766e-01
3.448807678223e+02 5.903571844101e-01
3.448817443848e+02 4.772957265377e-01
3.448827209473e+02 3.889693617821e-01
3.448836975098e+02 2.940938472748e-01
3.448846740723e+02 2.091172933578e-01
3.448856506348e+02 1.323858797550e-01
3.448866271973e+02 1.013366654515e-01
3.448876037598e+02 5.551704391837e-02
3.448885803223e+02 4.228801280260e-02
3.448895568848e+02 1.733940094709e-02
3.448905334473e+02 6.825836841017e-03
3.448915100098e+02 6.629094947129e-03
3.448924865723e+02 2.421682327986e-02
3.448934631348e+02 1.751601814703e-07
3.448944396973e+02 3.065194375813e-02
3.448954162598e+02 2.704686671495e-02
3.448963928223e+02 1.572866365314e-02
3.448973693848e+02 1.132525037974e-02
3.448983459473e+02 1.431859750301e-02
3.448993225098e+02 1.358451135457e-02
3.449002990723e+02 2.962591359392e-03
3.449012756348e+02 1.256135944277e-02
3.449022521973e+02 2.317724190652e-02
3.449032287598e+02 1.805469766259e-02
3.449042053223e+02 2.499424852431e-02
3.449051818848e+02 1.219947636127e-02
3.449061584473e+02 5.040920339525e-03
3.449071350098e+02 1.713974773884e-02
3.449081115723e+02 1.106513664126e-02
3.449090881348e+02 2.255592867732e-02
3.449100646973e+02 1.038284413517e-02
3.449110412598e+02 2.867198782042e-03
3.449120178223e+02 1.660708710551e-02
3.449129943848e+02 1.578528806567e-02
3.449139709473e+02 2.303842455149e-02
3.449149475098e+02 4.615331813693e-02
3.449159240723e+02 7.559791207314e-02
3.449169006348e+02 7.367476075888e-02
3.449178771973e+02 8.243451267481e-02
3.449188537598e+02 1.262029260397e-01
3.449198303223e+02 1.858254522085e-01
3.449208068848e+02 2.330057919025e-01
3.449217834473e+02 2.615851163864e-01
3.449227600098e+02 3.149381577969e-01
3.449237365723e+02 3.479429483414e-01
3.449247131348e+02 3.648791015148e-01
3.449256896973e+02 3.757970929146e-01
3.449266662598e+02 3.724664151669e-01
3.449276428223e+02 3.766798377037e-01
3.449286193848e+02 3.387457132339e-01
3.449295959473e+02 3.300371170044e-01
3.449305725098e+02 2.576371133327e-01
3.449315490723e+02 1.921705305576e-01
3.449325256348e+02 1.534311026335e-01
3.449335021973e+02 1.270295381546e-01
3.449344787598e+02 1.112854853272e-01
3.449354553223e+02 9.760722517967e-02
3.449364318848e+02 9.309383481741e-02
3.449374084473e+02 1.069974079728e-01
3.449383850098e+02 1.200083121657e-01
3.449393615723e+02 1.545661687851e-01
3.449403381348e+02 1.886316388845e-01
3.449413146973e+02 1.746045053005e-01
3.449422912598e+02 1.689646542072e-01
3.449432678223e+02 1.343790888786e-01
3.449442443848e+02 1.034683883190e-01
3.449452209473e+02 6.963025778532e-02
3.449461975098e+02 7.088156044483e-02
3.449471740723e+02 6.413680315018e-02
3.449481506348e+02 6.525254249573e-02
3.449491271973e+02 7.015394419432e-02
3.449501037598e+02 7.857348024845e-02
3.449510803223e+02 7.488176226616e-02
3.449520568848e+02 7.878454774618e-02
3.449530334473e+02 8.842826634645e-02
3.449540100098e+02 6.266121566296e-02
3.449549865723e+02 6.820316612720e-02
3.449559631348e+02 4.760329797864e-02
3.449569396973e+02 3.699739277363e-02
3.449579162598e+02 2.838603593409e-02
3.449588928223e+02 3.289320319891e-02
3.449598693848e+02 3.741903603077e-02
3.449608459473e+02 1.003709528595e-02
3.449618225098e+02 1.743767224252e-02
3.449627990723e+02 1.878802292049e-02
3.449637756348e+02 4.052045568824e-02
3.449647521973e+02 4.130011051893e-02
3.449657287598e+02 4.845304414630e-02
3.449667053223e+02 6.983403861523e-02
3.449676818848e+02 1.037678867579e-01
3.449686584473e+02 1.148923933506e-01
3.449696350098e+02 1.460420787334e-01
3.449706115723e+02 1.901200264692e-01
3.449715881348e+02 2.123022675514e-01
3.449725646973e+02 2.269878089428e-01
3.449735412598e+02 2.065558284521e-01
3.449745178223e+02 1.829185336828e-01
3.449754943848e+02 1.287420094013e-01
3.449764709473e+02 7.948666065931e-02
3.449774475098e+02 6.702570617199e-02
3.449784240723e+02 5.398099124432e-02
3.449794006348e+02 2.561236731708e-02
3.449803771973e+02 1.413111481816e-02
3.449813537598e+02 1.768553629518e-02
3.449823303223e+02 2.392991632223e-02
3.449833068848e+02 2.114431187510e-02
3.449842834473e+02 9.958657436073e-03
3.449852600098e+02 2.210168726742e-02
3.449862365723e+02 2.213434129953e-02
3.449872131348e+02 3.093616291881e-02
3.449881896973e+02 2.671395242214e-02
3.449891662598e+02 2.615273743868e-02
3.449901428223e+02 4.329856857657e-02
3.449911193848e+02 3.223520517349e-02
3.449920959473e+02 1.169162057340e-02
3.449930725098e+02 1.545975264162e-02
3.449940490723e+02 4.678042605519e-03
3.449950256348e+02 -8.201161399484e-03
3.449960021973e+02 -5.299695767462e-03
3.449969787598e+02 1.470289751887e-02
3.449979553223e+02 1.730753807351e-03
3.449989318848e+02 -8.387716487050e-03
3.449999084473e+02 -6.965357810259e-03
3.450008850098e+02 4.505693446845e-03
3.450018615723e+02 7.336265407503e-03
3.450028381348e+02 1.415487471968e-02
3.450038146973e+02 5.801293067634e-03
3.450047912598e+02 -5.144856870174e-03
3.450057678223e+02 1.236902549863e-02
3.450067443848e+02 2.364883013070e-02
3.450077209473e+02 2.795900031924e-02
3.450086975098e+02 3.227705135942e-02
3.450096740723e+02 1.019135676324e-02
3.450106506348e+02 2.863010577857e-02
3.450116271973e+02 2.492377907038e-02
3.450126037598e+02 1.698193512857e-02
3.450135803223e+02 2.145993150771e-02
3.450145568848e+02 2.008296549320e-02
3.450155334473e+02 2.462038025260e-02
3.450165100098e+02 6.196415633895e-04
3.450174865723e+02 7.714670151472e-03
3.450184631348e+02 1.540211401880e-02
3.450194396973e+02 1.272351760417e-02
3.450204162598e+02 1.286303251982e-02
3.450213928223e+02 1.427099946886e-02
3.450223693848e+02 2.025444805622e-02
3.450233459473e+02 3.255272656679e-02
3.450243225098e+02 1.658877730370e-02
3.450252990723e+02 8.955689147115e-03
3.450262756348e+02 2.363446541131e-02
3.450272521973e+02 2.066182158887e-02
3.450282287598e+02 -2.713185036555e-03
3.450292053223e+02 2.212895452976e-02
3.450301818848e+02 3.080796077847e-02
3.450311584473e+02 1.815601252019e-02
3.450321350098e+02 1.302814949304e-02
3.450331115723e+02 9.424401447177e-03
3.450340881348e+02 5.848947330378e-05
3.450350646973e+02 7.916504517198e-03
3.450360412598e+02 7.518133614212e-03
3.450370178223e+02 2.903659828007e-02
3.450379943848e+02 5.171122401953e-02
3.450389709473e+02 5.966815352440e-02
3.450399475098e+02 7.335097342730e-02
3.450409240723e+02 9.342243522406e-02
3.450419006348e+02 9.560779482126e-02
3.450428771973e+02 8.364319056273e-02
3.450438537598e+02 8.254302293062e-02
3.450448303223e+02 7.282037287951e-02
3.450458068848e+02 7.146307826042e-02
3.450467834473e+02 7.381251454353e-02
3.450477600098e+02 6.071930006146e-02
3.450487365723e+02 5.305396392941e-02
3.450497131348e+02 4.246242716908e-02
3.450506896973e+02 3.758138790727e-02
3.450516662598e+02 1.672642491758e-02
3.450526428223e+02 2.655575424433e-02
3.450536193848e+02 3.142293915153e-02
3.450545959473e+02 2.263140678406e-02
3.450555725098e+02 3.160341829062e-02
3.450565490723e+02 2.048244886100e-02
3.450575256348e+02 1.997228339314e-02
3.450585021973e+02 1.629321277142e-02
3.450594787598e+02 1.097814552486e-02
3.450604553223e+02 2.706314809620e-02
3.450614318848e+02 2.727850526571e-02
3.450624084473e+02 2.417221851647e-02
3.450633850098e+02 3.894093632698e-02
3.450643615723e+02 4.578094556928e-02
3.450653381348e+02 4.627145454288e-02
3.450663146973e+02 2.293979376554e-02
3.450672912598e+02 3.921623528004e-02
3.450682678223e+02 2.318047173321e-02
3.450692443848e+02 2.179564535618e-02
3.450702209473e+02 1.982257701457e-02
3.450711975098e+02 1.791128702462e-02
3.450721740723e+02 1.857610419393e-02
3.450731506348e+02 2.577195875347e-02
3.450741271973e+02 4.567349329591e-03
3.450751037598e+02 1.375776715577e-02
3.450760803223e+02 1.440751552582e-02
3.450770568848e+02 2.166342921555e-02
3.450780334473e+02 2.836477011442e-02
3.450790100098e+02 2.354114130139e-02
3.450799865723e+02 2.138697914779e-02
3.450809631348e+02 3.069530986249e-02
3.450819396973e+02 1.796811260283e-02
3.450829162598e+02 5.239810794592e-02
3.450838928223e+02 3.111828491092e-02
3.450848693848e+02 2.349931560457e-02
3.450858459473e+02 3.763511031866e-02
3.450868225098e+02 3.467191383243e-02
3.450877990723e+02 5.264424160123e-02
3.450887756348e+02 3.664043173194e-02
3.450897521973e+02 2.385783009231e-02
3.450907287598e+02 2.145320363343e-02
3.450917053223e+02 4.011232778430e-02
3.450926818848e+02 3.749791905284e-02
3.450936584473e+02 4.408577457070e-02
3.450946350098e+02 4.398380219936e-02
3.450956115723e+02 3.955332562327e-02
3.450965881348e+02 3.612393513322e-02
3.450975646973e+02 6.250021606684e-02
3.450985412598e+02 5.134610831738e-02
3.450995178223e+02 4.867311194539e-02
3.451004943848e+02 5.044712871313e-02
3.451014709473e+02 4.236362501979e-02
3.451024475098e+02 2.472422830760e-02
3.451034240723e+02 3.319640830159e-02
3.451044006348e+02 4.884237796068e-02
3.451053771973e+02 4.644421488047e-02
3.451063537598e+02 3.489326685667e-02
3.451073303223e+02 2.492211759090e-02
3.451083068848e+02 2.427952922881e-02
3.451092834473e+02 4.063711687922e-02
3.451102600098e+02 3.282341733575e-02
3.451112365723e+02 2.976081520319e-02
3.451122131348e+02 3.659902885556e-02
3.451131896973e+02 1.757214590907e-02
3.451141662598e+02 1.842104084790e-02
3.451151428223e+02 1.851569488645e-02
3.451161193848e+02 1.579993963242e-02
3.451170959473e+02 3.075271658599e-02
3.451180725098e+02 2.221614681184e-02
3.451190490723e+02 4.892659932375e-02
3.451200256348e+02 4.528112336993e-02
3.451210021973e+02 4.134720936418e-02
3.451219787598e+02 3.519882634282e-02
3.451229553223e+02 6.209658086300e-02
3.451239318848e+02 5.030616000295e-02
3.451249084473e+02 4.799253121018e-02
3.451258850098e+02 3.812110424042e-02
3.451268615723e+02 4.375165328383e-02
3.451278381348e+02 2.328613400459e-02
3.451288146973e+02 2.341821976006e-02
3.451297912598e+02 3.155349195004e-02
3.451307678223e+02 3.683483973145e-02
3.451317443848e+02 3.062461316586e-02
3.451327209473e+02 4.061880335212e-02
3.451336975098e+02 4.203396290541e-02
3.451346740723e+02 2.268842235208e-02
3.451356506348e+02 1.493143942207e-02
3.451366271973e+02 2.522677369416e-02
3.451376037598e+02 2.475657127798e-02
3.451385803223e+02 3.265533223748e-02
3.451395568848e+02 3.131326660514e-02
3.451405334473e+02 2.615723013878e-02
3.451415100098e+02 3.805318102241e-02
3.451424865723e+02 3.512809425592e-02
3.451434631348e+02 3.919468820095e-02
3.451444396973e+02 2.371122129261e-02
3.451454162598e+02 3.316295892000e-02
3.451463928223e+02 5.457420647144e-02
3.451473693848e+02 1.992372795939e-02
3.451483459473e+02 2.043815329671e-02
3.451493225098e+02 9.659496136010e-03
3.451502990723e+02 1.271714735776e-02
3.451512756348e+02 3.161006420851e-02
3.451522521973e+02 3.110775165260e-02
3.451532287598e+02 2.618261240423e-02
3.451542053223e+02 2.197706885636e-02
3.451551818848e+02 2.193924970925e-02
3.451561584473e+02 3.191815689206e-02
3.451571350098e+02 4.822319000959e-02
3.451581115723e+02 4.013706371188e-02
3.451590881348e+02 3.671293705702e-02
3.451600646973e+02 1.573094353080e-02
3.451610412598e+02 1.060989964753e-02
3.451620178223e+02 2.085876651108e-02
3.451629943848e+02 8.866848424077e-03
3.451639709473e+02 1.892714947462e-02
3.451649475098e+02 3.727447986603e-02
3.451659240723e+02 3.227923065424e-02
3.451669006348e+02 2.877677232027e-02
3.451678771973e+02 3.203992918134e-02
3.451688537598e+02 2.563641220331e-02
3.451698303223e+02 1.453839614987e-02
3.451708068848e+02 2.675212174654e-02
3.451717834473e+02 1.879973337054e-02
3.451727600098e+02 1.585415564477e-02
3.451737365723e+02 2.127711661160e-02
3.451747131348e+02 3.052829764783e-02
3.451756896973e+02 2.376646734774e-02
3.451766662598e+02 1.112232450396e-02
3.451776428223e+02 7.760974578559e-03
3.451786193848e+02 2.365653030574e-02
3.451795959473e+02 3.012529760599e-02
3.451805725098e+02 3.492991253734e-02
3.451815490723e+02 2.139792963862e-02
3.451825256348e+02 4.037237912416e-02
3.451835021973e+02 3.372430801392e-02
3.451844787598e+02 4.888076335192e-02
3.451854553223e+02 3.445716947317e-02
3.451864318848e+02 3.698174655437e-02
3.451874084473e+02 4.761328548193e-02
3.451883850098e+02 1.969589293003e-02
3.451893615723e+02 2.993130497634e-02
3.451903381348e+02 4.040152952075e-02
3.451913146973e+02 3.303996846080e-02
3.451922912598e+02 2.605704218149e-02
3.451932678223e+02 3.217092901468e-02
3.451942443848e+02 2.977478504181e-02
3.451952209473e+02 2.284840308130e-02
3.451961975098e+02 1.158283371478e-02
3.451971740723e+02 1.246026717126e-02
3.451981506348e+02 2.305052429438e-02
3.451991271973e+02 1.738614775240e-02
3.452001037598e+02 2.712784521282e-02
3.452010803223e+02 2.118850871921e-02
3.452020568848e+02 2.068240195513e-02
3.452030334473e+02 2.153614908457e-02
3.452040100098e+02 2.405526675284e-02
3.452049865723e+02 4.223075136542e-02
3.452059631348e+02 5.488842725754e-02
3.452069396973e+02 2.645704522729e-02
3.452079162598e+02 2.485360391438e-02
3.452088928223e+02 1.781172677875e-02
3.452098693848e+02 2.747514098883e-02
3.452108459473e+02 2.023788727820e-02
3.452118225098e+02 2.755850553513e-02
3.452127990723e+02 4.000101611018e-02
3.452137756348e+02 3.501287847757e-02
3.452147521973e+02 2.371619082987e-02
3.452157287598e+02 2.567599341273e-02
3.452167053223e+02 2.182852663100e-02
3.452176818848e+02 2.303154952824e-02
3.452186584473e+02 2.478811144829e-02
3.452196350098e+02 1.734550483525e-02
3.452206115723e+02 -1.638803281821e-03
3.452215881348e+02 2.110411971807e-02
3.452225646973e+02 3.136665001512e-02
3.452235412598e+02 4.094509780407e-02
3.452245178223e+02 3.958706930280e-02
3.452254943848e+02 2.829563245177e-02
3.452264709473e+02 3.637798130512e-02
3.452274475098e+02 3.090321272612e-02
3.452284240723e+02 2.492069453001e-02
3.452294006348e+02 2.548248507082e-02
3.452303771973e+02 3.395793959498e-02
3.452313537598e+02 3.177661076188e-02
3.452323303223e+02 3.247601911426e-02
3.452333068848e+02 3.196021914482e-02
3.452342834473e+02 4.767879098654e-02
3.452352600098e+02 3.997356444597e-02
3.452362365723e+02 5.243171751499e-02
3.452372131348e+02 6.409747153521e-02
3.452381896973e+02 6.429870426655e-02
3.452391662598e+02 5.656555294991e-02
3.452401428223e+02 4.997836053371e-02
3.452411193848e+02 4.458356648684e-02
3.452420959473e+02 5.110922828317e-02
3.452430725098e+02 5.984158813953e-02
3.452440490723e+02 3.502830862999e-02
3.452450256348e+02 1.997105404735e-02
3.452460021973e+02 2.406468801200e-02
3.452469787598e+02 1.958247460425e-02
3.452479553223e+02 2.803310565650e-02
3.452489318848e+02 1.886206120253e-02
3.452499084473e+02 1.037013716996e-02
3.452508850098e+02 3.639031574130e-02
3.452518615723e+02 2.431824430823e-02
3.452528381348e+02 7.703767158091e-03
3.452538146973e+02 1.691960543394e-02
3.452547912598e+02 1.782797835767e-02
3.452557678223e+02 3.149279952049e-02
3.452567443848e+02 3.106358274817e-02
3.452577209473e+02 2.231665141881e-02
3.452586975098e+02 2.030795440078e-02
3.452596740723e+02 2.456131577492e-02
3.452606506348e+02 3.972330689430e-02
3.452616271973e+02 4.508953914046e-02
3.452626037598e+02 2.713074535131e-02
3.452635803223e+02 4.046099260449e-02
3.452645568848e+02 4.275611042976e-02
3.452655334473e+02 6.566777080297e-02
3.452665100098e+02 6.633322685957e-02
3.452674865723e+02 6.161997467279e-02
3.452684631348e+02 6.565997749567e-02
3.452694396973e+02 6.554288417101e-02
3.452704162598e+02 6.138096377254e-02
3.452713928223e+02 5.152771994472e-02
3.452723693848e+02 3.629344329238e-02
3.452733459473e+02 4.745117202401e-02
3.452743225098e+02 3.524874895811e-02
3.452752990723e+02 4.184640198946e-02
3.452762756348e+02 4.080533236265e-02
3.452772521973e+02 1.795164123178e-02
3.452782287598e+02 4.158518835902e-02
3.452792053223e+02 4.640939086676e-02
3.452801818848e+02 5.450272932649e-02
3.452811584473e+02 6.568936258554e-02
3.452821350098e+02 1.096914708614e-01
3.452831115723e+02 1.397277414799e-01
3.452840881348e+02 2.089341878891e-01
3.452850646973e+02 3.191495239735e-01
3.452860412598e+02 4.672370851040e-01
3.452870178223e+02 5.828575491905e-01
3.452879943848e+02 6.459191441536e-01
3.452889709473e+02 7.650983929634e-01
3.452899475098e+02 9.312703609467e-01
3.452909240723e+02 9.844746589661e-01
3.452919006348e+02 8.872033357620e-01
3.452928771973e+02 8.413783311844e-01
3.452938537598e+02 8.458417654037e-01
3.452948303223e+02 8.327894806862e-01
3.452958068848e+02 7.918764948845e-01
3.452967834473e+02 6.505548954010e-01
3.452977600098e+02 3.537236452103e-01
3.452987365723e+02 -4.684241488576e-02
3.452997131348e+02 -1.074308715761e-02
3.453006896973e+02 6.699147075415e-02
3.453016662598e+02 7.251429557800e-02
3.453026428223e+02 5.950037017465e-02
3.453036193848e+02 4.923811927438e-02
3.453045959473e+02 4.473471641541e-02
3.453055725098e+02 1.861401274800e-02
3.453065490723e+02 1.740550808609e-02
3.453075256348e+02 5.401324480772e-03
3.453085021973e+02 6.127668078989e-03
3.453094482422e+02 1.554119866341e-02
3.453104248047e+02 1.147371903062e-02
3.453114013672e+02 3.037598729134e-02
3.453123779297e+02 2.090857364237e-02
3.453133544922e+02 1.887623779476e-02
3.453143310547e+02 4.245139285922e-02
3.453153076172e+02 3.462386876345e-02
3.453162841797e+02 1.457367278636e-02
3.453172607422e+02 3.533836454153e-02
3.453182373047e+02 4.573546722531e-02
3.453192138672e+02 2.476830221713e-02
3.453201904297e+02 1.848709955812e-02
3.453211669922e+02 2.888027392328e-02
3.453221435547e+02 4.456288740039e-02
3.453231201172e+02 2.543211355805e-02
3.453240966797e+02 9.589728899300e-03
3.453250732422e+02 -8.808477781713e-03
3.453260498047e+02 1.661157608032e-02
3.453270263672e+02 7.730389013886e-03
3.453280029297e+02 1.681143604219e-02
3.453289794922e+02 1.625878363848e-02
3.453299560547e+02 1.850240677595e-02
3.453309326172e+02 2.123808115721e-02
3.453319091797e+02 6.314614787698e-03
3.453328857422e+02 2.230881340802e-02
3.453338623047e+02 2.264077588916e-02
3.453348388672e+02 3.213389962912e-02
3.453358154297e+02 9.376983158290e-03
3.453367919922e+02 8.171770721674e-03
3.453377685547e+02 1.027630921453e-02
3.453387451172e+02 2.286506444216e-02
3.453397216797e+02 1.089353859425e-02
3.453406982422e+02 -8.280974579975e-04
3.453416748047e+02 -5.421660840511e-03
3.453426513672e+02 3.861009329557e-02
3.453436279297e+02 2.909456193447e-02
3.453446044922e+02 2.844902500510e-02
3.453455810547e+02 4.100303351879e-02
3.453465576172e+02 1.143716927618e-02
3.453475341797e+02 2.112440951169e-02
3.453485107422e+02 1.575881987810e-02
3.453494873047e+02 2.214643359184e-02
3.453504638672e+02 1.702050864697e-02
3.453514404297e+02 2.718276157975e-02
3.453524169922e+02 2.474332600832e-02
3.453533935547e+02 4.231326282024e-02
3.453543701172e+02 2.039841562510e-02
3.453553466797e+02 2.140690200031e-02
3.453563232422e+02 2.469352679327e-03
3.453572998047e+02 3.370143845677e-02
3.453582763672e+02 4.246933013201e-02
3.453592529297e+02 3.827165812254e-02
3.453602294922e+02 3.605047985911e-02
3.453612060547e+02 2.991560287774e-02
3.453621826172e+02 4.813254997134e-02
3.453631591797e+02 3.581702709198e-02
3.453641357422e+02 4.753243923187e-02
3.453651123047e+02 5.554644763470e-02
3.453660888672e+02 4.313994571567e-02
3.453670654297e+02 5.503242462873e-02
3.453680419922e+02 6.465352326632e-02
3.453690185547e+02 6.869093328714e-02
3.453699951172e+02 8.639907836914e-02
3.453709716797e+02 7.665239274502e-02
3.453719482422e+02 8.661651611328e-02
3.453729248047e+02 6.381513178349e-02
3.453739013672e+02 7.324805855751e-02
3.453748779297e+02 1.018974259496e-01
3.453758544922e+02 9.482615441084e-02
3.453768310547e+02 9.269270300865e-02
3.453778076172e+02 6.997240334749e-02
3.453787841797e+02 4.941399767995e-02
3.453797607422e+02 3.884292021394e-02
3.453807373047e+02 4.370713233948e-02
3.453817138672e+02 3.713995218277e-02
3.453826904297e+02 2.165995724499e-02
3.453836669922e+02 2.556490525603e-02
3.453846435547e+02 1.631458289921e-02
3.453856201172e+02 1.978404633701e-02
3.453865966797e+02 2.049983292818e-02
3.453875732422e+02 2.187391044572e-03
3.453885498047e+02 2.259068004787e-02
3.453895263672e+02 1.329493708909e-02
3.453905029297e+02 -5.034345667809e-04
3.453914794922e+02 2.755718119442e-02
3.453924560547e+02 2.430282905698e-02
3.453934326172e+02 5.894108489156e-02
3.453944091797e+02 7.013677060604e-02
3.453953857422e+02 8.557047694921e-02
3.453963623047e+02 9.625162929296e-02
3.453973388672e+02 1.282614022493e-01
3.453983154297e+02 1.770216077566e-01
3.453992919922e+02 2.037505507469e-01
3.454002685547e+02 2.394312173128e-01
3.454012451172e+02 2.620564103127e-01
3.454022216797e+02 2.673557698727e-01
3.454031982422e+02 2.429262697697e-01
3.454041748047e+02 2.197342664003e-01
3.454051513672e+02 1.959395855665e-01
3.454061279297e+02 1.379336863756e-01
3.454071044922e+02 9.512001276016e-02
3.454080810547e+02 7.260398566723e-02
3.454090576172e+02 6.122199818492e-02
3.454100341797e+02 5.524539574981e-02
3.454110107422e+02 5.531913787127e-02
3.454119873047e+02 3.052418678999e-02
3.454129638672e+02 9.469177573919e-03
3.454139404297e+02 1.113447733223e-02
3.454149169922e+02 2.818216010928e-02
3.454158935547e+02 2.167958021164e-02
3.454168701172e+02 3.310875967145e-02
3.454178466797e+02 2.854143641889e-02
3.454188232422e+02 3.455716371536e-02
3.454197998047e+02 2.283860929310e-02
3.454207763672e+02 8.708429522812e-03
3.454217529297e+02 2.230500429869e-02
3.454227294922e+02 3.249310329556e-02
3.454237060547e+02 3.211505711079e-02
3.454246826172e+02 2.605690248311e-02
3.454256591797e+02 3.028869628906e-02
3.454266357422e+02 3.134316578507e-02
3.454276123047e+02 2.787360921502e-02
3.454285888672e+02 1.159564591944e-02
3.454295654297e+02 1.322407461703e-02
3.454305419922e+02 3.123895078897e-02
3.454315185547e+02 1.765862666070e-02
3.454324951172e+02 1.720659434795e-02
3.454334716797e+02 5.818104255013e-04
3.454344482422e+02 7.295211777091e-03
3.454354248047e+02 2.563649602234e-02
3.454364013672e+02 3.447722643614e-02
3.454373779297e+02 3.163930773735e-02
3.454383544922e+02 1.386963017285e-02
3.454393310547e+02 1.592673361301e-02
3.454403076172e+02 2.469772845507e-02
3.454412841797e+02 3.728052228689e-02
3.454422607422e+02 2.371764928102e-02
3.454432373047e+02 3.053571842611e-02
3.454442138672e+02 4.079660400748e-02
3.454451904297e+02 2.578247897327e-02
3.454461669922e+02 1.270540617406e-02
3.454471435547e+02 2.480609528720e-02
3.454481201172e+02 1.934424228966e-02
3.454490966797e+02 1.493821572512e-02
3.454500732422e+02 2.166146785021e-02
3.454510498047e+02 2.203653566539e-02
3.454520263672e+02 3.252452611923e-02
3.454530029297e+02 1.545463688672e-02
3.454539794922e+02 2.162572741508e-02
3.454549560547e+02 1.031946297735e-02
3.454559326172e+02 2.358707785606e-02
3.454569091797e+02 2.282910980284e-02
3.454578857422e+02 1.350487116724e-02
3.454588623047e+02 6.266778800637e-03
3.454598388672e+02 2.374751679599e-02
3.454608154297e+02 2.252042293549e-02
3.454617919922e+02 1.754183880985e-02
3.454627685547e+02 2.387076988816e-02
3.454637451172e+02 3.622227534652e-02
3.454647216797e+02 3.008286468685e-02
3.454656982422e+02 3.541837260127e-02
3.454666748047e+02 3.551026061177e-02
3.454676513672e+02 6.501713395119e-02
3.454686279297e+02 4.802235588431e-02
3.454696044922e+02 5.991855263710e-02
3.454705810547e+02 6.845492869616e-02
3.454715576172e+02 7.311939448118e-02
3.454725341797e+02 7.869183272123e-02
3.454735107422e+02 6.725899875164e-02
3.454744873047e+02 6.292226910591e-02
3.454754638672e+02 4.853660985827e-02
3.454764404297e+02 3.798466548324e-02
3.454774169922e+02 2.038331702352e-02
3.454783935547e+02 2.623092941940e-02
3.454793701172e+02 3.655513003469e-02
3.454803466797e+02 2.989852428436e-02
3.454813232422e+02 1.560920011252e-02
3.454822998047e+02 1.758655719459e-02
3.454832763672e+02 -6.531173858093e-05
3.454842529297e+02 6.622692104429e-03
3.454852294922e+02 3.944723308086e-02
3.454862060547e+02 1.736438833177e-02
3.454871826172e+02 -4.907966591418e-03
3.454881591797e+02 9.115959517658e-03
3.454891357422e+02 2.428263984621e-02
3.454901123047e+02 1.583440974355e-02
3.454910888672e+02 2.275924570858e-02
3.454920654297e+02 1.545179262757e-02
3.454930419922e+02 8.479332551360e-03
3.454940185547e+02 2.595862373710e-02
3.454949951172e+02 2.189148589969e-02
3.454959716797e+02 4.215617105365e-02
3.454969482422e+02 4.610950872302e-02
3.454979248047e+02 2.804267406464e-02
3.454989013672e+02 1.029146928340e-02
3.454998779297e+02 1.927243731916e-02
3.455008544922e+02 2.953504212201e-02
3.455018310547e+02 1.914056017995e-02
3.455028076172e+02 3.373815491796e-02
3.455037841797e+02 3.939281404018e-02
3.455047607422e+02 6.403761357069e-02
3.455057373047e+02 5.627813935280e-02
3.455067138672e+02 5.289725586772e-02
3.455076904297e+02 4.798597842455e-02
3.455086669922e+02 3.209362924099e-02
3.455096435547e+02 3.065682947636e-02
3.455106201172e+02 4.484784603119e-02
3.455115966797e+02 2.430700883269e-02
3.455125732422e+02 1.231812126935e-02
3.455135498047e+02 3.084404394031e-02
3.455145263672e+02 3.172689303756e-02
3.455155029297e+02 1.181527040899e-02
3.455164794922e+02 1.250306423753e-02
3.455174560547e+02 1.856212504208e-02
3.455184326172e+02 2.970203943551e-02
3.455194091797e+02 3.034642711282e-02
3.455203857422e+02 3.138836100698e-02
3.455213623047e+02 1.950888149440e-02
3.455223388672e+02 1.421274058521e-02
3.455233154297e+02 2.027845382690e-02
3.455242919922e+02 2.253269217908e-02
3.455252685547e+02 2.436225675046e-02
3.455262451172e+02 2.858085185289e-02
3.455272216797e+02 2.250305563211e-02
3.455281982422e+02 2.088900096714e-02
3.455291748047e+02 2.342090569437e-02
3.455301513672e+02 2.554843761027e-02
3.455311279297e+02 3.015845268965e-02
3.455321044922e+02 3.916290402412e-02
3.455330810547e+02 4.391753673553e-02
3.455340576172e+02 5.545930564404e-02
3.455350341797e+02 5.514337867498e-02
3.455360107422e+02 4.365812614560e-02
3.455369873047e+02 3.925532102585e-02
3.455379638672e+02 3.011234849691e-02
3.455389404297e+02 2.349264360964e-02
3.455399169922e+02 1.685556583107e-02
3.455408935547e+02 9.510432370007e-03
3.455418701172e+02 -4.373184929136e-04
3.455428466797e+02 5.117050837725e-03
3.455438232422e+02 2.260253950953e-02
3.455447998047e+02 2.426682971418e-02
3.455457763672e+02 2.521925233305e-02
3.455467529297e+02 3.010231070220e-02
3.455477294922e+02 2.710200846195e-02
3.455487060547e+02 3.151203319430e-02
3.455496826172e+02 2.914941124618e-02
3.455506591797e+02 3.541738912463e-02
3.455516357422e+02 1.768251881003e-02
3.455526123047e+02 2.172428369522e-02
3.455535888672e+02 2.983537316322e-02
3.455545654297e+02 1.795817539096e-02
3.455555419922e+02 3.168079257011e-02
3.455565185547e+02 2.836443111300e-02
3.455574951172e+02 4.335951805115e-02
3.455584716797e+02 2.426313050091e-02
3.455594482422e+02 2.805769816041e-02
3.455604248047e+02 2.708544023335e-02
3.455614013672e+02 3.814695030451e-02
3.455623779297e+02 4.980809986591e-02
3.455633544922e+02 3.624102845788e-02
3.455643310547e+02 2.286272123456e-02
3.455653076172e+02 3.046509250998e-02
3.455662841797e+02 2.286247164011e-02
3.455672607422e+02 2.724445424974e-02
3.455682373047e+02 1.060412824154e-02
3.455692138672e+02 2.754032239318e-02
3.455701904297e+02 1.966353505850e-02
3.455711669922e+02 3.248496726155e-02
3.455721435547e+02 1.561159454286e-02
3.455731201172e+02 8.146744221449e-03
3.455740966797e+02 1.309133414179e-02
3.455750732422e+02 2.783537283540e-02
3.455760498047e+02 1.852473430336e-02
3.455770263672e+02 1.725238561630e-02
3.455780029297e+02 2.117247879505e-02
3.455789794922e+02 2.937408164144e-02
3.455799560547e+02 5.577499978244e-03
3.455809326172e+02 1.067995373160e-02
3.455819091797e+02 3.783257305622e-02
3.455828857422e+02 2.662774175406e-02
3.455838623047e+02 2.139540389180e-02
3.455848388672e+02 2.420081384480e-02
3.455858154297e+02 2.678384631872e-02
3.455867919922e+02 4.446216300130e-02
3.455877685547e+02 3.848878294230e-02
3.455887451172e+02 2.205367572606e-02
3.455897216797e+02 2.489840611815e-02
3.455906982422e+02 4.782467335463e-02
3.455916748047e+02 2.282684110105e-02
3.455926513672e+02 8.702081628144e-03
3.455936279297e+02 2.144969999790e-02
3.455946044922e+02 2.740279212594e-02
3.455955810547e+02 2.549039013684e-02
3.455965576172e+02 3.503782302141e-02
3.455975341797e+02 2.188630215824e-02
3.455985107422e+02 1.028390694410e-02
3.455994873047e+02 2.699312753975e-02
3.456004638672e+02 3.121033683419e-02
3.456014404297e+02 4.011010378599e-02
3.456024169922e+02 4.150649532676e-02
3.456033935547e+02 4.982355609536e-02
3.456043701172e+02 4.888014495373e-02
3.456053466797e+02 4.116097465158e-02
3.456063232422e+02 5.517582967877e-02
3.456072998047e+02 3.760161623359e-02
3.456082763672e+02 3.756960853934e-02
3.456092529297e+02 4.006265848875e-02
3.456102294922e+02 5.807929113507e-02
3.456112060547e+02 7.068891823292e-02
3.456121826172e+02 6.684311479330e-02
3.456131591797e+02 6.463281810284e-02
3.456141357422e+02 8.033016324043e-02
3.456151123047e+02 7.880475372076e-02
3.456160888672e+02 7.659690082073e-02
3.456170654297e+02 8.361849933863e-02
3.456180419922e+02 8.571318536997e-02
3.456190185547e+02 8.276283740997e-02
3.456199951172e+02 8.382443338633e-02
3.456209716797e+02 7.718738913536e-02
3.456219482422e+02 5.460295081139e-02
3.456229248047e+02 6.378417462111e-02
3.456239013672e+02 5.619544535875e-02
3.456248779297e+02 7.828316092491e-02
3.456258544922e+02 8.131248503923e-02
3.456268310547e+02 7.804026454687e-02
3.456278076172e+02 5.085685849190e-02
3.456287841797e+02 5.033038929105e-02
3.456297607422e+02 6.580954045057e-02
3.456307373047e+02 3.668856993318e-02
3.456317138672e+02 3.152337670326e-02
3.456326904297e+02 2.431729249656e-02
3.456336669922e+02 3.071920573711e-02
3.456346435547e+02 2.428080886602e-02
3.456356201172e+02 2.573190815747e-02
3.456365966797e+02 1.374383550137e-02
3.456375732422e+02 1.687096804380e-02
3.456385498047e+02 2.839367464185e-02
3.456395263672e+02 4.119072854519e-02
3.456405029297e+02 4.417650029063e-02
3.456414794922e+02 2.556154876947e-02
3.456424560547e+02 9.489126503468e-03
3.456434326172e+02 6.188684608787e-03
3.456444091797e+02 1.393735222518e-02
3.456453857422e+02 3.345014527440e-02
3.456463623047e+02 1.391164772213e-02
3.456473388672e+02 1.224461849779e-02
3.456483154297e+02 2.339768037200e-02
3.456492919922e+02 4.226337000728e-02
3.456502685547e+02 2.980328723788e-02
3.456512451172e+02 2.962134219706e-02
3.456522216797e+02 2.292873896658e-02
3.456531982422e+02 2.376049757004e-02
3.456541748047e+02 2.916890941560e-02
3.456551513672e+02 2.147051878273e-02
3.456561279297e+02 5.546915344894e-03
3.456571044922e+02 3.327272366732e-03
3.456580810547e+02 1.233069784939e-02
3.456590576172e+02 1.143635716289e-02
3.456600341797e+02 2.050790935755e-02
3.456610107422e+02 3.541028872132e-02
3.456619873047e+02 1.920455507934e-02
3.456629638672e+02 1.054713968188e-02
3.456639404297e+02 2.805776894093e-02
3.456649169922e+02 4.005609452724e-02
3.456658935547e+02 3.717742487788e-02
3.456668701172e+02 2.516303770244e-02
3.456678466797e+02 2.254497632384e-02
3.456688232422e+02 1.282872259617e-02
3.456697998047e+02 1.957354880869e-02
3.456707763672e+02 2.576977200806e-02
3.456717529297e+02 2.777465805411e-02
3.456727294922e+02 1.763126254082e-02
3.456737060547e+02 1.674253307283e-02
3.456746826172e+02 3.291478008032e-02
3.456756591797e+02 1.826252602041e-02
3.456766357422e+02 1.604704931378e-02
3.456776123047e+02 2.466489374638e-02
3.456785888672e+02 4.396865144372e-02
3.456795654297e+02 1.704556122422e-02
3.456805419922e+02 3.083500638604e-02
3.456815185547e+02 2.010821364820e-02
3.456824951172e+02 1.171636860818e-02
3.456834716797e+02 2.311832085252e-02
3.456844482422e+02 2.112971805036e-02
3.456854248047e+02 2.812703140080e-02
3.456864013672e+02 3.157429397106e-02
3.456873779297e+02 1.146281696856e-02
3.456883544922e+02 3.207688033581e-02
3.456893310547e+02 2.757004462183e-02
3.456903076172e+02 3.164422139525e-02
3.456912841797e+02 2.967201359570e-02
3.456922607422e+02 3.058063797653e-02
3.456932373047e+02 -6.596161983907e-04
3.456942138672e+02 9.868037886918e-03
3.456951904297e+02 6.929343100637e-03
3.456961669922e+02 1.493000332266e-02
3.456971435547e+02 3.008930757642e-02
3.456981201172e+02 2.415374666452e-02
3.456990966797e+02 2.251541987062e-02
3.457000732422e+02 3.120749630034e-02
3.457010498047e+02 3.587596863508e-02
3.457020263672e+02 4.200013726950e-02
3.457030029297e+02 5.893352255225e-02
3.457039794922e+02 7.628962397575e-02
3.457049560547e+02 8.342417329550e-02
3.457059326172e+02 1.139294430614e-01
3.457069091797e+02 1.205864846706e-01
3.457078857422e+02 8.285650610924e-02
3.457088623047e+02 7.974935323000e-02
3.457098388672e+02 8.783400058746e-02
3.457108154297e+02 9.112831205130e-02
3.457117919922e+02 6.089392676950e-02
3.457127685547e+02 4.559905081987e-02
3.457137451172e+02 4.352898895741e-02
3.457147216797e+02 5.029316991568e-02
3.457156982422e+02 4.510475695133e-02
3.457166748047e+02 2.116885222495e-02
3.457176513672e+02 4.453481361270e-02
3.457186279297e+02 2.942593209445e-02
3.457196044922e+02 1.479204930365e-02
3.457205810547e+02 6.194719113410e-03
3.457215576172e+02 2.653396502137e-02
3.457225341797e+02 1.373876165599e-02
3.457235107422e+02 -3.906854544766e-04
3.457244873047e+02 1.295360736549e-02
3.457254638672e+02 7.978871464729e-03
3.457264404297e+02 4.597892053425e-03
3.457274169922e+02 5.162012297660e-03
3.457283935547e+02 1.469176728278e-03
3.457293701172e+02 -5.600126925856e-03
3.457303466797e+02 -2.344561181962e-02
3.457313232422e+02 -5.267558246851e-02
3.457322998047e+02 -6.150098517537e-02
3.457332763672e+02 -7.478166371584e-02
3.457342529297e+02 -9.604585915804e-02
3.457352294922e+02 -9.701961278915e-02
3.457362060547e+02 -7.157270610332e-02
3.457371826172e+02 -4.073865711689e-02
3.457381591797e+02 3.079622611403e-02
3.457391357422e+02 1.560922563076e-01
3.457401123047e+02 2.692320644855e-01
3.457410888672e+02 3.967831134796e-01
3.457420654297e+02 6.200969815254e-01
3.457430419922e+02 1.046583533287e+00
3.457440185547e+02 1.276554346085e+00
3.457449951172e+02 1.401894927025e+00
3.457459716797e+02 1.731363892555e+00
3.457469482422e+02 2.092945337296e+00
3.457479248047e+02 2.300320386887e+00
3.457489013672e+02 2.429844141006e+00
3.457498779297e+02 2.494291543961e+00
3.457508544922e+02 2.457081794739e+00
3.457518310547e+02 2.417734861374e+00
3.457528076172e+02 2.285680532455e+00
3.457537841797e+02 2.047131538391e+00
3.457547607422e+02 2.338520050049e+00
3.457557373047e+02 2.214706897736e+00
3.457567138672e+02 1.372540473938e+00
3.457576904297e+02 1.069242358208e+00
3.457586669922e+02 6.701840162277e-01
3.457596435547e+02 4.425384104252e-01
3.457606201172e+02 3.155498802662e-01
3.457615966797e+02 2.029703855515e-01
3.457625732422e+02 1.311535537243e-01
3.457635498047e+02 9.343855082989e-02
3.457645263672e+02 6.735160946846e-02
3.457655029297e+02 5.544329807162e-02
3.457664794922e+02 3.217149898410e-02
3.457674560547e+02 2.121007815003e-02
3.457684326172e+02 1.830108277500e-02
3.457694091797e+02 4.195675626397e-02
3.457703857422e+02 2.366167120636e-02
3.457713623047e+02 3.216332569718e-02
3.457723388672e+02 5.265312269330e-02
3.457733154297e+02 2.411408163607e-02
3.457742919922e+02 4.291082173586e-02
3.457752685547e+02 4.822759330273e-02
3.457762451172e+02 3.994530811906e-02
3.457772216797e+02 -7.281227502972e-03
3.457781982422e+02 1.864494569600e-02
3.457791748047e+02 7.711889687926e-03
3.457801513672e+02 9.564668871462e-03
3.457811279297e+02 -8.252415806055e-03
3.457821044922e+02 1.542197167873e-02
3.457830810547e+02 8.804170414805e-03
3.457840576172e+02 3.656788915396e-02
3.457850341797e+02 4.149435833097e-02
3.457860107422e+02 1.631957665086e-02
3.457869873047e+02 2.218946628273e-02
3.457879638672e+02 2.631943859160e-02
3.457889404297e+02 2.838491275907e-02
3.457899169922e+02 2.070219069719e-02
3.457908935547e+02 2.064663730562e-02
3.457918701172e+02 1.933561265469e-02
3.457928466797e+02 2.806384488940e-02
3.457938232422e+02 3.634778410196e-02
3.457947998047e+02 2.847673557699e-02
3.457957763672e+02 4.370430484414e-02
3.457967529297e+02 4.183677211404e-02
3.457977294922e+02 2.602536045015e-02
3.457987060547e+02 3.091154433787e-02
3.457996826172e+02 2.649567648768e-02
3.458006591797e+02 1.533522829413e-02
3.458016357422e+02 1.547607500106e-02
3.458026123047e+02 9.209368727170e-04
3.458035888672e+02 3.165765851736e-02
3.458045654297e+02 3.827843070030e-02
3.458055419922e+02 3.923811390996e-02
3.458065185547e+02 1.522892806679e-02
3.458074951172e+02 2.890229970217e-02
3.458084716797e+02 4.399986192584e-02
3.458094482422e+02 2.969001233578e-02
3.458104248047e+02 4.048173129559e-02
3.458114013672e+02 1.097343675792e-02
3.458123779297e+02 2.139718830585e-02
3.458133544922e+02 9.607897140086e-03
3.458143310547e+02 2.588929235935e-02
3.458153076172e+02 3.482206165791e-02
3.458162841797e+02 2.923589013517e-02
3.458172607422e+02 2.331151068211e-02
3.458182373047e+02 3.263572603464e-02
3.458192138672e+02 3.066606447101e-02
3.458201904297e+02 1.803559064865e-02
3.458211669922e+02 1.574331335723e-02
3.458221435547e+02 2.805503271520e-02
3.458231201172e+02 2.661919780076e-02
3.458240966797e+02 1.834223791957e-02
3.458250732422e+02 1.811159960926e-02
3.458260498047e+02 3.442244231701e-02
3.458270263672e+02 4.020750895143e-02
3.458280029297e+02 6.049738451838e-02
3.458289794922e+02 7.157909870148e-02
3.458299560547e+02 6.631952524185e-02
3.458309326172e+02 8.199227601290e-02
3.458319091797e+02 5.742802470922e-02
3.458328857422e+02 6.211837008595e-02
3.458338623047e+02 5.689452216029e-02
3.458348388672e+02 2.906561084092e-02
3.458358154297e+02 3.910606354475e-02
3.458367919922e+02 4.283717647195e-02
3.458377685547e+02 3.499994054437e-02
3.458387451172e+02 2.941424772143e-02
3.458397216797e+02 4.521999135613e-02
3.458406982422e+02 3.904258459806e-02
3.458416748047e+02 2.173003368080e-02
3.458426513672e+02 2.578031457961e-02
3.458436279297e+02 2.250847406685e-02
3.458446044922e+02 1.058862451464e-02
3.458455810547e+02 -7.194582140073e-04
3.458465576172e+02 2.671913057566e-02
3.458475341797e+02 2.124975435436e-02
3.458485107422e+02 1.794627681375e-02
3.458494873047e+02 2.957292832434e-02
3.458504638672e+02 5.159860476851e-02
3.458514404297e+02 4.657392948866e-02
3.458524169922e+02 3.545872494578e-02
3.458533935547e+02 3.790755942464e-02
3.458543701172e+02 4.414767771959e-02
3.458553466797e+02 3.004957176745e-02
3.458563232422e+02 2.255446091294e-02
3.458572998047e+02 2.448035590351e-02
3.458582763672e+02 1.994457095861e-02
3.458592529297e+02 1.834945939481e-02
3.458602294922e+02 2.461374737322e-02
3.458612060547e+02 1.941839419305e-02
3.458621826172e+02 2.501748874784e-02
3.458631591797e+02 3.864460811019e-02
3.458641357422e+02 3.938602283597e-02
3.458651123047e+02 3.150905668736e-02
3.458660888672e+02 2.458144351840e-02
3.458670654297e+02 2.013515681028e-02
3.458680419922e+02 2.780839800835e-02
3.458690185547e+02 3.131455928087e-02
3.458699951172e+02 2.462437748909e-02
3.458709716797e+02 1.370721310377e-02
3.458719482422e+02 1.434756442904e-02
3.458729248047e+02 4.084940254688e-02
3.458739013672e+02 3.654626011848e-02
3.458748779297e+02 4.664408415556e-02
3.458758544922e+02 3.837051242590e-02
3.458768310547e+02 3.375522047281e-02
3.458778076172e+02 5.546958371997e-02
3.458787841797e+02 4.571187123656e-02
3.458797607422e+02 6.491595506668e-02
3.458807373047e+02 6.082929298282e-02
3.458817138672e+02 4.240828379989e-02
3.458826599121e+02 4.342973604798e-02
3.458836364746e+02 6.851524859667e-02
3.458846130371e+02 5.617747455835e-02
3.458855895996e+02 5.216015502810e-02
3.458865661621e+02 4.028321057558e-02
3.458875427246e+02 4.707959294319e-02
3.458885192871e+02 2.394928969443e-02
3.458894958496e+02 3.136106207967e-02
3.458904724121e+02 3.295231983066e-02
