#title: Spectral profile - WHyaB7_spw2.clean.image-raster
#region (world): Ellipse[[13:49:01.941, -28d22m04.727], [13:49:01.922, -28d22m04.477]]
#region (pixel): Ellipse[[229, 221], [279, 271]]
#coordinate: world
#xLabel: frequency [GHz]
#yLabel: [Jy] Flux Density

# WHyaB7_spw2.clean.image-raster
3.318913879395e+02 -3.518216311932e-02
3.318904113770e+02 -2.633497677743e-02
3.318894348145e+02 -3.187338635325e-02
3.318884582520e+02 -3.163399919868e-02
3.318874816895e+02 -1.619697548449e-02
3.318865051270e+02 5.419950466603e-03
3.318855285645e+02 -1.249973196536e-02
3.318845520020e+02 -3.724385751411e-03
3.318835754395e+02 7.391231134534e-03
3.318825988770e+02 -1.729646138847e-02
3.318816223145e+02 -1.909757032990e-02
3.318806457520e+02 3.430478507653e-03
3.318796691895e+02 -7.571632508188e-03
3.318786926270e+02 1.102739758790e-02
3.318777160645e+02 5.184259731323e-03
3.318767395020e+02 -1.114342361689e-02
3.318757629395e+02 -9.449270553887e-03
3.318747863770e+02 -1.167258061469e-02
3.318738098145e+02 -1.466087158769e-02
3.318728332520e+02 -1.544961612672e-02
3.318718566895e+02 -8.498991839588e-03
3.318708801270e+02 -2.114302478731e-02
3.318699035645e+02 -2.891591936350e-02
3.318689270020e+02 -2.531932294369e-02
3.318679504395e+02 -2.623484656215e-02
3.318669738770e+02 -1.133447512984e-02
3.318659973145e+02 -1.865316741168e-02
3.318650207520e+02 -4.035823792219e-02
3.318640441895e+02 -3.824970871210e-02
3.318630676270e+02 -2.551789209247e-02
3.318620910645e+02 -2.770387008786e-02
3.318611145020e+02 -1.556982845068e-02
3.318601379395e+02 -1.066266093403e-02
3.318591613770e+02 -1.995345205069e-02
3.318581848145e+02 -3.426605090499e-02
3.318572082520e+02 -1.722526364028e-02
3.318562316895e+02 -7.687123492360e-03
3.318552551270e+02 -1.692148670554e-02
3.318542785645e+02 -3.112423233688e-02
3.318533020020e+02 -2.995974197984e-02
3.318523254395e+02 -4.851886257529e-02
3.318513488770e+02 -3.258076682687e-02
3.318503723145e+02 -2.469866164029e-02
3.318493957520e+02 -2.996418438852e-02
3.318484191895e+02 -3.227721527219e-02
3.318474426270e+02 -9.332267567515e-03
3.318464660645e+02 3.820314595941e-04
3.318454895020e+02 6.493423716165e-04
3.318445129395e+02 1.366537297145e-03
3.318435363770e+02 -2.594517730176e-02
3.318425598145e+02 -1.903439313173e-02
3.318415832520e+02 -8.340665139258e-03
3.318406066895e+02 -1.522118505090e-02
3.318396301270e+02 -2.088790573180e-02
3.318386535645e+02 -2.321917377412e-02
3.318376770020e+02 -2.949662320316e-02
3.318367004395e+02 -9.902900084853e-03
3.318357238770e+02 -1.766211166978e-02
3.318347473145e+02 -2.470007166266e-02
3.318337707520e+02 -2.848621085286e-02
3.318327941895e+02 -2.239223010838e-02
3.318318176270e+02 -2.454672474414e-03
3.318308410645e+02 -2.165171131492e-02
3.318298645020e+02 -3.011607751250e-02
3.318288879395e+02 -2.493848651648e-02
3.318279113770e+02 -3.193811699748e-02
3.318269348145e+02 -3.646538360044e-03
3.318259582520e+02 -1.013707555830e-02
3.318249816895e+02 -1.127484068274e-02
3.318240051270e+02 -1.526098418981e-02
3.318230285645e+02 3.078236943111e-03
3.318220520020e+02 1.108411233872e-03
3.318210754395e+02 -4.324561916292e-03
3.318200988770e+02 -1.657457649708e-02
3.318191223145e+02 -1.875999011099e-02
3.318181457520e+02 -1.241423934698e-02
3.318171691895e+02 2.708987798542e-03
3.318161926270e+02 -1.052520703524e-02
3.318152160645e+02 -2.518040873110e-02
3.318142395020e+02 -2.486910112202e-02
3.318132629395e+02 -1.838923990726e-02
3.318122863770e+02 -2.223917469382e-02
3.318113098145e+02 -1.448983605951e-02
3.318103332520e+02 -6.176558788866e-03
3.318093566895e+02 -1.329524535686e-02
3.318083801270e+02 -6.466970313340e-03
3.318074035645e+02 -3.084688913077e-03
3.318064270020e+02 -1.860728673637e-02
3.318054504395e+02 -1.178105082363e-02
3.318044738770e+02 -3.302952507511e-03
3.318034973145e+02 -2.130067534745e-02
3.318025207520e+02 -1.654239371419e-02
3.318015441895e+02 -8.679562248290e-03
3.318005676270e+02 -2.732960274443e-04
3.317995910645e+02 -2.301061293110e-03
3.317986145020e+02 5.316134076566e-03
3.317976379395e+02 -1.053059287369e-02
3.317966613770e+02 -1.234278082848e-02
3.317956848145e+02 -9.371988475323e-03
3.317947082520e+02 -8.207204751670e-03
3.317937316895e+02 -3.970083966851e-02
3.317927551270e+02 -3.935105353594e-02
3.317917785645e+02 -2.204264886677e-02
3.317908020020e+02 -3.393033146858e-02
3.317898254395e+02 -3.200605511665e-02
3.317888488770e+02 -3.463668003678e-02
3.317878723145e+02 -2.170725539327e-02
3.317868957520e+02 -1.892749406397e-02
3.317859191895e+02 -1.414948981255e-02
3.317849426270e+02 -2.884642593563e-02
3.317839660645e+02 -4.269469156861e-02
3.317829895020e+02 -3.549598529935e-02
3.317820129395e+02 -3.599368035793e-02
3.317810363770e+02 -1.195053104311e-02
3.317800598145e+02 -2.625785954297e-02
3.317790832520e+02 -2.538410387933e-02
3.317781066895e+02 -1.720780320466e-02
3.317771301270e+02 -1.574018970132e-02
3.317761535645e+02 -1.579169370234e-02
3.317751770020e+02 -2.047413401306e-02
3.317742004395e+02 -2.056381106377e-02
3.317732238770e+02 -2.778406441212e-02
3.317722473145e+02 -3.000683523715e-02
3.317712707520e+02 -2.294289506972e-02
3.317702941895e+02 -1.865923963487e-02
3.317693176270e+02 -1.606130972505e-02
3.317683715820e+02 -2.496028319001e-02
3.317673950195e+02 -8.792597800493e-03
3.317664184570e+02 -2.708596736193e-02
3.317654418945e+02 -2.302530035377e-02
3.317644653320e+02 -3.091554529965e-02
3.317634887695e+02 -1.448501180857e-02
3.317625122070e+02 -1.920456998050e-02
3.317615356445e+02 -3.194608166814e-02
3.317605590820e+02 -4.326502233744e-02
3.317595825195e+02 -2.985490672290e-02
3.317586059570e+02 -2.573938295245e-02
3.317576293945e+02 -1.093796081841e-02
3.317566528320e+02 -1.692510955036e-02
3.317556762695e+02 -2.026639319956e-02
3.317546997070e+02 -1.120978500694e-02
3.317537231445e+02 -2.046962454915e-02
3.317527465820e+02 -1.822314597666e-02
3.317517700195e+02 -3.491728752851e-02
3.317507934570e+02 -3.039377182722e-02
3.317498168945e+02 -4.530470445752e-02
3.317488403320e+02 -2.863555029035e-02
3.317478637695e+02 -2.165259793401e-02
3.317468872070e+02 -1.820814609528e-02
3.317459106445e+02 -2.370330505073e-02
3.317449340820e+02 -2.802896499634e-02
3.317439575195e+02 -2.888917550445e-02
3.317429809570e+02 -2.722440287471e-02
3.317420043945e+02 -2.595737949014e-02
3.317410278320e+02 -2.744120173156e-02
3.317400512695e+02 -1.549907028675e-02
3.317390747070e+02 -2.631796896458e-02
3.317380981445e+02 -2.020935527980e-02
3.317371215820e+02 -2.776810154319e-02
3.317361450195e+02 -1.578709110618e-02
3.317351684570e+02 -2.551333978772e-02
3.317341918945e+02 -2.461007237434e-02
3.317332153320e+02 -6.006645970047e-03
3.317322387695e+02 -1.471449993551e-02
3.317312622070e+02 -2.902814559639e-02
3.317302856445e+02 -3.731193020940e-02
3.317293090820e+02 -2.320339344442e-02
3.317283325195e+02 -1.948360539973e-02
3.317273559570e+02 -1.835345663130e-02
3.317263793945e+02 -1.177920214832e-02
3.317254028320e+02 -1.710761897266e-02
3.317244262695e+02 -3.174367174506e-02
3.317234497070e+02 -4.456713423133e-02
3.317224731445e+02 -2.696288377047e-02
3.317214965820e+02 -1.980237290263e-02
3.317205200195e+02 -2.823765389621e-02
3.317195434570e+02 -2.077443897724e-02
3.317185668945e+02 -5.764764267951e-03
3.317175903320e+02 -2.016780525446e-02
3.317166137695e+02 -2.972827665508e-02
3.317156372070e+02 -3.178814426064e-02
3.317146606445e+02 -2.659715712070e-02
3.317136840820e+02 -2.735554054379e-02
3.317127075195e+02 -2.213932760060e-02
3.317117309570e+02 -1.936418376863e-02
3.317107543945e+02 -2.087212167680e-02
3.317097778320e+02 -2.372343465686e-02
3.317088012695e+02 -2.236232161522e-02
3.317078247070e+02 -2.391065284610e-02
3.317068481445e+02 -3.157601505518e-02
3.317058715820e+02 -2.390055730939e-02
3.317048950195e+02 -1.135881152004e-02
3.317039184570e+02 -1.471859589219e-02
3.317029418945e+02 -9.903700090945e-03
3.317019653320e+02 -1.626378670335e-02
3.317009887695e+02 -1.868452876806e-02
3.317000122070e+02 -2.019191347063e-02
3.316990356445e+02 -1.917593739927e-02
3.316980590820e+02 -2.479085139930e-02
3.316970825195e+02 -2.187029458582e-02
3.316961059570e+02 -3.066254965961e-02
3.316951293945e+02 -3.504301235080e-02
3.316941528320e+02 -1.567281223834e-02
3.316931762695e+02 -1.299355365336e-02
3.316921997070e+02 -2.315178513527e-02
3.316912231445e+02 -2.000583522022e-02
3.316902465820e+02 -5.535413511097e-03
3.316892700195e+02 -2.561501227319e-03
3.316882934570e+02 -2.631751121953e-03
3.316873168945e+02 -1.246588397771e-02
3.316863403320e+02 -1.668705604970e-02
3.316853637695e+02 -1.571145839989e-02
3.316843872070e+02 -1.700790412724e-02
3.316834106445e+02 -2.875010855496e-02
3.316824340820e+02 -3.309628739953e-02
3.316814575195e+02 -2.955154143274e-02
3.316804809570e+02 -2.861314639449e-02
3.316795043945e+02 -3.227307647467e-02
3.316785278320e+02 -3.358013182878e-02
3.316775512695e+02 -2.955152094364e-02
3.316765747070e+02 -2.715880982578e-02
3.316755981445e+02 -1.032549142838e-02
3.316746215820e+02 -1.797010563314e-02
3.316736450195e+02 -3.391075134277e-02
3.316726684570e+02 -3.125043585896e-02
3.316716918945e+02 -1.882603764534e-02
3.316707153320e+02 -2.402363531291e-02
3.316697387695e+02 -1.501096785069e-02
3.316687622070e+02 -6.807369645685e-03
3.316677856445e+02 -1.887222379446e-02
3.316668090820e+02 -2.481632120907e-02
3.316658325195e+02 -3.406792879105e-02
3.316648559570e+02 -3.306448087096e-02
3.316638793945e+02 -3.305342420936e-02
3.316629028320e+02 -6.376915611327e-03
3.316619262695e+02 -4.512850660831e-03
3.316609497070e+02 -9.243769571185e-03
3.316599731445e+02 -3.422801569104e-02
3.316589965820e+02 -3.193607553840e-02
3.316580200195e+02 -3.009587712586e-02
3.316570434570e+02 -2.212248928845e-02
3.316560668945e+02 -9.872984141111e-03
3.316550903320e+02 -2.933283708990e-02
3.316541137695e+02 -2.510526776314e-02
3.316531372070e+02 -2.881306782365e-02
3.316521606445e+02 -2.370494604111e-02
3.316511840820e+02 -4.181059449911e-02
3.316502075195e+02 -2.849446423352e-02
3.316492309570e+02 -1.180770993233e-02
3.316482543945e+02 -2.429161593318e-02
3.316472778320e+02 -1.424883492291e-02
3.316463012695e+02 -1.460162829608e-02
3.316453247070e+02 -1.730900257826e-02
3.316443481445e+02 -9.114313870668e-03
3.316433715820e+02 -2.438116446137e-02
3.316423950195e+02 -7.147246971726e-03
3.316414184570e+02 7.093792315573e-03
3.316404418945e+02 -3.098635701463e-03
3.316394653320e+02 -1.517215045169e-03
3.316384887695e+02 -6.064846646041e-03
3.316375122070e+02 -1.166140101850e-02
3.316365356445e+02 -1.500528957695e-02
3.316355590820e+02 -9.969108505175e-04
3.316345825195e+02 -2.578057907522e-02
3.316336059570e+02 -2.756747603416e-02
3.316326293945e+02 -7.949588820338e-03
3.316316528320e+02 -2.551097050309e-02
3.316306762695e+02 -3.115783818066e-02
3.316296997070e+02 -3.000005148351e-02
3.316287231445e+02 -3.184001147747e-02
3.316277465820e+02 -1.969867385924e-02
3.316267700195e+02 -3.166365623474e-02
3.316257934570e+02 -2.932599931955e-02
3.316248168945e+02 -3.814016235992e-03
3.316238403320e+02 -1.497177686542e-02
3.316228637695e+02 -3.132008388638e-02
3.316218872070e+02 -3.001424670219e-02
3.316209106445e+02 -3.007412888110e-02
3.316199340820e+02 -2.339695580304e-02
3.316189575195e+02 -5.363710224628e-03
3.316179809570e+02 -5.835169460624e-03
3.316170043945e+02 -1.646309904754e-02
3.316160278320e+02 -2.769977785647e-02
3.316150512695e+02 -2.559250220656e-02
3.316140747070e+02 -1.650033332407e-02
3.316130981445e+02 -4.475220572203e-03
3.316121215820e+02 -2.116414532065e-02
3.316111450195e+02 -2.017819695175e-02
3.316101684570e+02 -2.110731042922e-02
3.316091918945e+02 -3.842061758041e-02
3.316082153320e+02 -4.076735675335e-02
3.316072387695e+02 -3.300921618938e-02
3.316062622070e+02 -1.282983459532e-02
3.316052856445e+02 -2.767943590879e-02
3.316043090820e+02 -3.123321197927e-02
3.316033325195e+02 -1.790999248624e-02
3.316023559570e+02 -3.053231351078e-02
3.316013793945e+02 -2.771870791912e-02
3.316004028320e+02 -3.190970420837e-02
3.315994262695e+02 -3.768602386117e-02
3.315984497070e+02 -3.436477854848e-02
3.315974731445e+02 -2.126088552177e-02
3.315964965820e+02 -3.794205933809e-02
3.315955200195e+02 -2.434596791863e-02
3.315945434570e+02 -1.101563405246e-02
3.315935668945e+02 -1.118079014122e-02
3.315925903320e+02 -1.927796192467e-02
3.315916137695e+02 -3.005467168987e-02
3.315906372070e+02 -3.947732970119e-02
3.315896606445e+02 -3.038818761706e-02
3.315886840820e+02 -2.021941356361e-02
3.315877075195e+02 -2.253678068519e-02
3.315867309570e+02 -2.445574151352e-03
3.315857543945e+02 -2.681302465498e-02
3.315847778320e+02 -1.539674866945e-02
3.315838012695e+02 -1.902073435485e-02
3.315828247070e+02 -2.052084356546e-02
3.315818481445e+02 -4.426755756140e-02
3.315808715820e+02 -3.415099158883e-02
3.315798950195e+02 -2.395047247410e-02
3.315789184570e+02 -3.069302067161e-02
3.315779418945e+02 -2.994895540178e-02
3.315769653320e+02 -4.123989120126e-02
3.315759887695e+02 -3.693000972271e-02
3.315750122070e+02 -3.476291894913e-02
3.315740356445e+02 -3.941569849849e-02
3.315730590820e+02 -2.941949851811e-02
3.315720825195e+02 -1.732208579779e-02
3.315711059570e+02 -2.006396465003e-02
3.315701293945e+02 -2.041929215193e-02
3.315691528320e+02 -2.445187419653e-02
3.315681762695e+02 -2.262501232326e-02
3.315671997070e+02 -9.651765227318e-03
3.315662231445e+02 -1.723119802773e-02
3.315652465820e+02 -1.790846325457e-02
3.315642700195e+02 -1.269734278321e-02
3.315632934570e+02 -2.046707645059e-02
3.315623168945e+02 -2.446798421443e-02
3.315613403320e+02 -2.725898846984e-02
3.315603637695e+02 -2.100059390068e-02
3.315593872070e+02 -2.716245315969e-02
3.315584106445e+02 -2.754543162882e-02
3.315574340820e+02 -1.013477146626e-02
3.315564575195e+02 -4.497340414673e-03
3.315554809570e+02 -1.422229688615e-02
3.315545043945e+02 -2.226175926626e-02
3.315535278320e+02 -3.143855184317e-02
3.315525512695e+02 -1.472227554768e-02
3.315515747070e+02 -8.935453370214e-03
3.315505981445e+02 -2.222932688892e-02
3.315496215820e+02 -2.895993553102e-02
3.315486450195e+02 -3.263305872679e-02
3.315476684570e+02 -2.495672740042e-02
3.315466918945e+02 -2.942672930658e-02
3.315457153320e+02 -3.717511147261e-02
3.315447387695e+02 -2.025191672146e-02
3.315437622070e+02 -2.843626216054e-02
3.315427856445e+02 -2.243202365935e-02
3.315418090820e+02 -6.537165027112e-03
3.315408325195e+02 -1.561851613224e-02
3.315398559570e+02 5.794381257147e-03
3.315388793945e+02 3.379222005606e-02
3.315379028320e+02 5.074616521597e-02
3.315369262695e+02 5.935722962022e-02
3.315359497070e+02 7.509789615870e-02
3.315349731445e+02 6.407234817743e-02
3.315339965820e+02 5.620328336954e-02
3.315330200195e+02 6.211788952351e-02
3.315320434570e+02 6.747826188803e-02
3.315310668945e+02 3.843972086906e-02
3.315300903320e+02 9.707855060697e-03
3.315291137695e+02 2.823984483257e-03
3.315281372070e+02 -1.206962298602e-02
3.315271606445e+02 -1.799034886062e-02
3.315261840820e+02 -1.788358390331e-02
3.315252075195e+02 -3.878716006875e-02
3.315242309570e+02 -3.238725662231e-02
3.315232543945e+02 -2.161533385515e-02
3.315222778320e+02 -2.975341863930e-02
3.315213012695e+02 -3.340851143003e-02
3.315203247070e+02 -3.384626284242e-02
3.315193481445e+02 -4.266615957022e-02
3.315183715820e+02 -2.845608629286e-02
3.315173950195e+02 -2.167014032602e-02
3.315164184570e+02 -1.535946782678e-02
3.315154418945e+02 -2.315832860768e-02
3.315144653320e+02 -2.952566184103e-02
3.315134887695e+02 -3.950587287545e-02
3.315125122070e+02 -2.056811004877e-02
3.315115356445e+02 -2.011821977794e-02
3.315105590820e+02 -3.139366582036e-02
3.315095825195e+02 -3.071697242558e-02
3.315086059570e+02 -2.195019461215e-02
3.315076293945e+02 -1.608478464186e-02
3.315066528320e+02 -2.391503751278e-02
3.315056762695e+02 -2.103165164590e-02
3.315046997070e+02 -1.386936753988e-02
3.315037231445e+02 -1.900172978640e-02
3.315027465820e+02 -3.657639771700e-02
3.315017700195e+02 -2.686882950366e-02
3.315007934570e+02 -4.684795439243e-02
3.314998168945e+02 -3.272147104144e-02
3.314988403320e+02 -3.335991129279e-02
3.314978637695e+02 -3.710119798779e-02
3.314968872070e+02 -3.712111711502e-02
3.314959106445e+02 -2.502333559096e-02
3.314949340820e+02 -3.767067193985e-02
3.314939575195e+02 -3.071099519730e-02
3.314929809570e+02 -2.777940221131e-02
3.314920043945e+02 -1.918081194162e-02
3.314910278320e+02 -2.213958464563e-02
3.314900512695e+02 -2.626086212695e-02
3.314890747070e+02 -1.951282098889e-02
3.314880981445e+02 -1.827387325466e-02
3.314871215820e+02 -2.398338355124e-02
3.314861450195e+02 -3.237606957555e-02
3.314851684570e+02 -3.059359081089e-02
3.314841918945e+02 -2.577313221991e-02
3.314832153320e+02 -2.966989018023e-02
3.314822387695e+02 -3.028146550059e-02
3.314812622070e+02 -2.436401695013e-02
3.314802856445e+02 -1.315519306809e-02
3.314793090820e+02 -1.974631659687e-02
3.314783325195e+02 -1.122329011559e-02
3.314773559570e+02 -1.592038199306e-02
3.314763793945e+02 -1.935155503452e-02
3.314754028320e+02 -1.533946394920e-02
3.314744262695e+02 -3.639284893870e-02
3.314734497070e+02 -1.906592212617e-02
3.314724731445e+02 -2.977477572858e-02
3.314714965820e+02 -3.634504228830e-02
3.314705200195e+02 -1.697267778218e-02
3.314695434570e+02 -2.527879178524e-02
3.314685668945e+02 -1.054203696549e-02
3.314675903320e+02 1.197439059615e-02
3.314666137695e+02 1.490195002407e-02
3.314656372070e+02 8.612115867436e-03
3.314646606445e+02 -8.865889161825e-03
3.314636840820e+02 -9.127411060035e-03
3.314627075195e+02 -6.908338516951e-03
3.314617309570e+02 -1.305797323585e-02
3.314607543945e+02 -2.771573606879e-03
3.314597778320e+02 4.018235951662e-03
3.314588012695e+02 -9.053522720933e-03
3.314578247070e+02 -2.380585856736e-02
3.314568481445e+02 -2.420585788786e-02
3.314558715820e+02 -2.333306521177e-02
3.314548950195e+02 -2.646384201944e-02
3.314539184570e+02 -1.972972787917e-02
3.314529418945e+02 -2.325607463717e-02
3.314519653320e+02 -2.809104509652e-02
3.314509887695e+02 -2.202036418021e-02
3.314500122070e+02 -1.742766611278e-02
3.314490356445e+02 -1.607164740562e-02
3.314480590820e+02 -1.621412858367e-02
3.314470825195e+02 -1.891049928963e-02
3.314461059570e+02 -2.971423231065e-02
3.314451293945e+02 -3.096474148333e-02
3.314441528320e+02 -2.420681156218e-02
3.314431762695e+02 -3.839969635010e-02
3.314421997070e+02 -3.549182415009e-02
3.314412231445e+02 -2.235761471093e-02
3.314402465820e+02 -2.926477976143e-02
3.314392700195e+02 -3.517959266901e-02
3.314382934570e+02 -3.304688632488e-02
3.314373168945e+02 -3.319531306624e-02
3.314363403320e+02 -3.864017128944e-02
3.314353637695e+02 -3.501433506608e-02
3.314343872070e+02 -3.172586858273e-02
3.314334106445e+02 -3.766081109643e-02
3.314324340820e+02 -2.338510006666e-02
3.314314575195e+02 -2.368297614157e-02
3.314304809570e+02 -1.562829129398e-02
3.314295043945e+02 -1.624475605786e-02
3.314285278320e+02 -2.898245677352e-02
3.314275512695e+02 -3.870004788041e-02
3.314265747070e+02 -1.485297176987e-02
3.314255981445e+02 -2.690214850008e-02
3.314246215820e+02 -2.573442831635e-02
3.314236450195e+02 -1.281768549234e-02
3.314226684570e+02 -1.641053333879e-02
3.314216918945e+02 -2.934052050114e-02
3.314207153320e+02 -2.284629829228e-02
3.314197387695e+02 -2.561346255243e-02
3.314187622070e+02 -2.916363440454e-02
3.314177856445e+02 -4.446055367589e-02
3.314168090820e+02 -3.237936645746e-02
3.314158325195e+02 -1.691746711731e-02
3.314148559570e+02 -3.200731426477e-02
3.314138793945e+02 -3.637650981545e-02
3.314129028320e+02 -3.796367719769e-02
3.314119262695e+02 -3.563782572746e-02
3.314109497070e+02 -2.597977407277e-02
3.314099731445e+02 -3.940584138036e-02
3.314089965820e+02 -3.893844783306e-02
3.314080200195e+02 -3.064947575331e-02
3.314070434570e+02 -1.969724893570e-02
3.314060668945e+02 -2.752819098532e-02
3.314050903320e+02 -3.506520390511e-02
3.314041137695e+02 -2.320831082761e-02
3.314031372070e+02 -3.533133491874e-02
3.314021606445e+02 -4.474660009146e-02
3.314011840820e+02 -3.271918371320e-02
3.314002075195e+02 -2.143503539264e-02
3.313992309570e+02 -1.528073567897e-02
3.313982543945e+02 -2.768374420702e-02
3.313972778320e+02 -4.712291806936e-02
3.313963012695e+02 -2.244543470442e-02
3.313953247070e+02 -1.410824153572e-02
3.313943481445e+02 -1.796564646065e-02
3.313933715820e+02 -8.877676911652e-03
3.313923950195e+02 -1.226953696460e-02
3.313914184570e+02 -1.686439104378e-02
3.313904418945e+02 -2.880410663784e-02
3.313894653320e+02 -2.669131942093e-02
3.313884887695e+02 -2.172520011663e-02
3.313875122070e+02 -2.868673764169e-02
3.313865356445e+02 -2.932418137789e-02
3.313855590820e+02 -3.669790551066e-02
3.313845825195e+02 -3.303784132004e-02
3.313836059570e+02 -2.736722491682e-02
3.313826293945e+02 -3.904478996992e-02
3.313816528320e+02 -3.936981782317e-02
3.313806762695e+02 -2.985986694694e-02
3.313796997070e+02 -2.824362739921e-02
3.313787231445e+02 -2.147388085723e-02
3.313777465820e+02 -3.274645656347e-02
3.313767700195e+02 -3.022775053978e-02
3.313757934570e+02 -4.110538959503e-02
3.313748168945e+02 -2.096716873348e-02
3.313738403320e+02 -3.412975743413e-02
3.313728637695e+02 -2.231119759381e-02
3.313718872070e+02 -2.035758830607e-02
3.313709106445e+02 -3.179244697094e-02
3.313699340820e+02 -2.770195715129e-02
3.313689575195e+02 -3.149285912514e-02
3.313679809570e+02 -4.520558565855e-02
3.313670043945e+02 -5.478430073708e-03
3.313660278320e+02 -1.102895196527e-02
3.313650512695e+02 -2.743864618242e-02
3.313640747070e+02 -1.710833236575e-02
3.313630981445e+02 -4.906277358532e-02
3.313621215820e+02 -2.174963802099e-02
3.313611450195e+02 -2.441333420575e-02
3.313601684570e+02 -2.770233340561e-02
3.313591918945e+02 -4.914521425962e-02
3.313582153320e+02 -4.033357650042e-02
3.313572387695e+02 -1.178145874292e-02
3.313562622070e+02 -1.732297986746e-02
3.313552856445e+02 -2.524466067553e-02
3.313543090820e+02 -3.187491744757e-02
3.313533325195e+02 -3.515367209911e-02
3.313523559570e+02 -3.347010165453e-02
3.313513793945e+02 -3.571497648954e-02
3.313504028320e+02 -3.667478635907e-02
3.313494262695e+02 -2.290423959494e-02
3.313484497070e+02 -1.687617972493e-02
3.313474731445e+02 -2.279773727059e-02
3.313464965820e+02 -1.947950944304e-02
3.313455200195e+02 -6.642639171332e-03
3.313445434570e+02 3.459498519078e-03
3.313435668945e+02 2.441371977329e-02
3.313425903320e+02 7.379289250821e-03
3.313416137695e+02 1.339997351170e-02
3.313406372070e+02 -3.987577743828e-03
3.313396606445e+02 -1.115736458451e-02
3.313386840820e+02 -8.822961826809e-04
3.313377075195e+02 -1.771353930235e-02
3.313367309570e+02 -3.964865114540e-03
3.313357543945e+02 -1.742420159280e-02
3.313347778320e+02 -2.118296921253e-02
3.313338012695e+02 -1.294729299843e-03
3.313328247070e+02 -1.240654941648e-02
3.313318481445e+02 -2.403168193996e-02
3.313308715820e+02 -3.032539039850e-02
3.313298950195e+02 -3.826898708940e-02
3.313289184570e+02 -3.679546713829e-02
3.313279418945e+02 -3.561204671860e-02
3.313269653320e+02 -2.702738530934e-02
3.313259887695e+02 -1.716772094369e-02
3.313250122070e+02 -3.886266425252e-02
3.313240356445e+02 -2.387146838009e-02
3.313230590820e+02 -2.744047343731e-02
3.313220825195e+02 -2.602410688996e-02
3.313211059570e+02 -2.514970861375e-02
3.313201293945e+02 -2.113390155137e-02
3.313191528320e+02 -3.655580431223e-02
3.313181762695e+02 -3.981013968587e-02
3.313171997070e+02 -3.864134475589e-02
3.313162231445e+02 -3.201708570123e-02
3.313152465820e+02 -3.525577858090e-02
3.313142700195e+02 -3.525315970182e-02
3.313132934570e+02 -1.919934526086e-02
3.313123168945e+02 -2.113862335682e-02
3.313113403320e+02 -2.383486554027e-02
3.313103637695e+02 -2.507930621505e-02
3.313093872070e+02 -3.031318075955e-02
3.313084106445e+02 -3.673543781042e-02
3.313074340820e+02 -2.647204138339e-02
3.313064575195e+02 -1.768843084574e-02
3.313054809570e+02 -1.736559532583e-02
3.313045043945e+02 -1.804122701287e-02
3.313035278320e+02 -3.420082479715e-02
3.313025512695e+02 -1.575195044279e-02
3.313015747070e+02 -2.713079378009e-02
3.313005981445e+02 -1.546677388251e-02
3.312996215820e+02 -1.936825737357e-02
3.312986450195e+02 -2.266187593341e-02
3.312976684570e+02 -2.095135115087e-02
3.312966918945e+02 -1.706725917757e-02
3.312957153320e+02 -2.654928527772e-02
3.312947387695e+02 -1.731288991868e-02
3.312937622070e+02 -2.501793392003e-02
3.312927856445e+02 -2.767390385270e-02
3.312918090820e+02 -3.619976714253e-02
3.312908325195e+02 -5.196341127157e-02
3.312898559570e+02 -3.324615582824e-02
3.312888793945e+02 -3.781601414084e-02
3.312879028320e+02 -4.493315517902e-02
3.312869262695e+02 -2.471699938178e-02
3.312859497070e+02 -1.776935160160e-02
3.312849731445e+02 -1.837885007262e-02
3.312839965820e+02 -2.854176983237e-02
3.312830200195e+02 -2.137555368245e-02
3.312820434570e+02 -3.371254354715e-02
3.312810668945e+02 -1.583141274750e-02
3.312800903320e+02 -1.028101798147e-02
3.312791137695e+02 -1.255681924522e-02
3.312781372070e+02 -1.354287005961e-02
3.312771606445e+02 -1.298244763166e-02
3.312761840820e+02 -2.191729843616e-02
3.312752075195e+02 -1.463894266635e-02
3.312742309570e+02 -2.876803092659e-02
3.312732543945e+02 -1.686239801347e-02
3.312722778320e+02 -1.427338831127e-02
3.312713012695e+02 -2.603891678154e-02
3.312703247070e+02 -3.464555740356e-02
3.312693481445e+02 -2.303830161691e-02
3.312683715820e+02 -3.101512044668e-02
3.312673950195e+02 -3.083184920251e-02
3.312664184570e+02 -2.512158825994e-02
3.312654418945e+02 -3.319165110588e-02
3.312644653320e+02 -1.965054124594e-02
3.312634887695e+02 -2.664412558079e-02
3.312625122070e+02 -2.954100817442e-02
3.312615356445e+02 -3.330231085420e-02
3.312605590820e+02 -4.986154288054e-02
3.312595825195e+02 -3.939740732312e-02
3.312586059570e+02 -1.293314620852e-02
3.312576293945e+02 -2.024057507515e-02
3.312566528320e+02 -1.630998775363e-02
3.312556762695e+02 -3.021083399653e-02
3.312546997070e+02 -2.831663377583e-02
3.312537231445e+02 -3.224132582545e-02
3.312527465820e+02 -3.162640333176e-02
3.312517700195e+02 -3.836113959551e-02
3.312507934570e+02 -2.577643841505e-02
3.312498168945e+02 -3.405435383320e-02
3.312488403320e+02 -2.239073626697e-02
3.312478637695e+02 -3.942738845944e-02
3.312468872070e+02 -3.350278362632e-02
3.312459106445e+02 -2.719170041382e-02
3.312449340820e+02 -4.319087043405e-02
3.312439575195e+02 -3.158664330840e-02
3.312429809570e+02 -1.893317326903e-02
3.312420043945e+02 -1.868172548711e-02
3.312410278320e+02 -2.827145159245e-02
3.312400512695e+02 -4.012275114655e-02
3.312390747070e+02 -2.731302566826e-02
3.312380981445e+02 -2.709922567010e-02
3.312371215820e+02 -2.189567498863e-02
3.312361450195e+02 -2.574984356761e-02
3.312351684570e+02 -1.132076885551e-02
3.312341918945e+02 -1.797064021230e-02
3.312332153320e+02 -1.735054701567e-02
3.312322387695e+02 -2.280730381608e-02
3.312312622070e+02 -2.606782689691e-02
3.312302856445e+02 -2.713514491916e-02
3.312293090820e+02 -1.784343831241e-02
3.312283325195e+02 -2.731284499168e-02
3.312273559570e+02 -3.541586920619e-02
3.312263793945e+02 -3.681947663426e-02
3.312254028320e+02 -2.735909633338e-02
3.312244262695e+02 -2.262852340937e-02
3.312234497070e+02 -4.213990177959e-03
3.312224731445e+02 -1.968948170543e-02
3.312214965820e+02 -2.810120396316e-02
3.312205200195e+02 -2.529222145677e-02
3.312195434570e+02 -1.221589930356e-02
3.312185668945e+02 -2.107164636254e-02
3.312175903320e+02 -2.723155543208e-02
3.312166137695e+02 -3.432600945234e-02
3.312156372070e+02 -3.495249897242e-02
3.312146606445e+02 -3.017485328019e-02
3.312136840820e+02 -3.541693463922e-02
3.312127075195e+02 -3.904466703534e-02
3.312117309570e+02 -2.909600362182e-02
3.312107543945e+02 -4.082171991467e-02
3.312097778320e+02 -3.069082647562e-02
3.312088012695e+02 -3.402063250542e-02
3.312078247070e+02 -2.488295547664e-02
3.312068481445e+02 -1.972929015756e-02
3.312058715820e+02 -2.203323319554e-02
3.312048950195e+02 -4.546115174890e-03
3.312039184570e+02 1.077325921506e-02
3.312029418945e+02 3.306415304542e-02
3.312019653320e+02 3.178336098790e-02
3.312009887695e+02 1.281406078488e-02
3.312000122070e+02 -1.758863218129e-02
3.311990356445e+02 -2.640339173377e-02
3.311980590820e+02 -1.706860400736e-02
3.311970825195e+02 1.083510811441e-03
3.311961059570e+02 1.193716470152e-02
3.311951599121e+02 1.115782931447e-02
3.311941833496e+02 2.409009449184e-02
3.311932067871e+02 1.803396828473e-02
3.311922302246e+02 -1.262437872356e-04
3.311912536621e+02 -1.698131673038e-02
3.311902770996e+02 -1.832218840718e-02
3.311893005371e+02 -1.988015696406e-02
3.311883239746e+02 -2.433982491493e-02
3.311873474121e+02 -1.127913687378e-02
3.311863708496e+02 -3.237948194146e-02
3.311853942871e+02 -2.299997024238e-02
3.311844177246e+02 -2.057469449937e-02
3.311834411621e+02 -1.327682845294e-02
3.311824645996e+02 -3.870107606053e-02
3.311814880371e+02 -3.394304215908e-02
3.311805114746e+02 -4.711766913533e-02
3.311795349121e+02 -5.836360901594e-02
3.311785583496e+02 -3.014579229057e-02
3.311775817871e+02 -3.578430041671e-02
3.311766052246e+02 -3.229202702641e-02
3.311756286621e+02 -3.254279866815e-02
3.311746520996e+02 -2.902052365243e-02
3.311736755371e+02 -3.565162420273e-02
3.311726989746e+02 -3.987445309758e-02
3.311717224121e+02 -2.886994741857e-02
3.311707458496e+02 -3.069145418704e-02
3.311697692871e+02 -2.257699705660e-02
3.311687927246e+02 -1.035017240793e-02
3.311678161621e+02 -4.778811708093e-03
3.311668395996e+02 -1.848116703331e-02
3.311658630371e+02 -6.810198538005e-03
3.311648864746e+02 1.280437503010e-02
3.311639099121e+02 6.237206980586e-03
3.311629333496e+02 -3.072052076459e-02
3.311619567871e+02 -2.353969588876e-02
3.311609802246e+02 -2.539011090994e-02
3.311600036621e+02 -2.981896698475e-02
3.311590270996e+02 -2.860648371279e-02
3.311580505371e+02 -2.192434109747e-02
3.311570739746e+02 -2.078479155898e-02
3.311560974121e+02 -3.239046037197e-02
3.311551208496e+02 -2.082714997232e-02
3.311541442871e+02 -2.867801859975e-02
3.311531677246e+02 -2.227242849767e-02
3.311521911621e+02 -2.141689881682e-02
3.311512145996e+02 -3.543088585138e-02
3.311502380371e+02 -2.327300235629e-02
3.311492614746e+02 -2.637828141451e-02
3.311482849121e+02 -3.066060505807e-02
3.311473083496e+02 -2.678202651441e-02
3.311463317871e+02 -1.622371189296e-02
3.311453552246e+02 -1.567257381976e-02
3.311443786621e+02 -2.876163460314e-02
3.311434020996e+02 -3.235413879156e-02
3.311424255371e+02 -2.883122302592e-02
3.311414489746e+02 -1.178822945803e-02
3.311404724121e+02 -4.032206535339e-02
3.311394958496e+02 -3.027155809104e-02
3.311385192871e+02 -3.079704754055e-02
3.311375427246e+02 -3.008650802076e-02
3.311365661621e+02 -3.346194326878e-02
3.311355895996e+02 -2.940742298961e-02
3.311346130371e+02 -2.924901805818e-02
3.311336364746e+02 -2.962633594871e-02
3.311326599121e+02 -2.015793323517e-02
3.311316833496e+02 -1.998916454613e-02
3.311307067871e+02 -3.707261756063e-02
3.311297302246e+02 -4.641603305936e-02
3.311287536621e+02 -3.382981196046e-02
3.311277770996e+02 -4.282651841640e-02
3.311268005371e+02 -4.337136447430e-02
3.311258239746e+02 -3.489069268107e-02
3.311248474121e+02 -1.697084121406e-02
3.311238708496e+02 -2.290390664712e-03
3.311228942871e+02 -2.393742324784e-03
3.311219177246e+02 2.036798745394e-02
3.311209411621e+02 6.105023995042e-02
3.311199645996e+02 9.312491118908e-02
3.311189880371e+02 1.377622485161e-01
3.311180114746e+02 2.123793810606e-01
3.311170349121e+02 2.565941512585e-01
3.311160583496e+02 2.690067291260e-01
3.311150817871e+02 2.845089137554e-01
3.311141052246e+02 2.370444238186e-01
3.311131286621e+02 1.847873926163e-01
3.311121520996e+02 1.202299892902e-01
3.311111755371e+02 1.069046258926e-01
3.311101989746e+02 1.026885733008e-01
3.311092224121e+02 7.387679070234e-02
3.311082458496e+02 4.210994765162e-02
3.311072692871e+02 1.643278263509e-02
3.311062927246e+02 -2.103774249554e-02
3.311053161621e+02 -3.194239363074e-02
3.311043395996e+02 -5.385756492615e-02
3.311033630371e+02 -6.065593659878e-02
3.311023864746e+02 -6.953866779804e-02
3.311014099121e+02 -7.338437438011e-02
3.311004333496e+02 -7.659284025431e-02
3.310994567871e+02 -7.543874531984e-02
3.310984802246e+02 -7.139452546835e-02
3.310975036621e+02 -7.500202208757e-02
3.310965270996e+02 -5.393841490149e-02
3.310955505371e+02 -5.274151638150e-02
3.310945739746e+02 -3.844057023525e-02
3.310935974121e+02 -2.567272819579e-02
3.310926208496e+02 -2.973607741296e-03
3.310916442871e+02 8.326160022989e-04
3.310906677246e+02 2.583935670555e-02
3.310896911621e+02 5.359106883407e-02
3.310887145996e+02 1.263686269522e-01
3.310877380371e+02 1.682867854834e-01
3.310867614746e+02 2.351824045181e-01
3.310857849121e+02 3.124611079693e-01
3.310848083496e+02 3.844431042671e-01
3.310838317871e+02 4.733121097088e-01
3.310828552246e+02 5.330489873886e-01
3.310818786621e+02 5.568230748177e-01
3.310809020996e+02 5.591783523560e-01
3.310799255371e+02 5.361024141312e-01
3.310789489746e+02 5.043273568153e-01
3.310779724121e+02 4.506239295006e-01
3.310769958496e+02 3.836718797684e-01
3.310760192871e+02 2.859811186790e-01
3.310750427246e+02 1.703067868948e-01
3.310740661621e+02 8.868533372879e-02
3.310730895996e+02 1.826981268823e-02
3.310721130371e+02 -6.330006569624e-02
3.310711364746e+02 -1.471256762743e-01
3.310701599121e+02 -1.857199817896e-01
3.310691833496e+02 -2.092327624559e-01
3.310682067871e+02 -2.058673202991e-01
3.310672302246e+02 -2.020871341228e-01
3.310662536621e+02 -1.624426543713e-01
3.310652770996e+02 -1.333649605513e-01
3.310643005371e+02 -9.739815443754e-02
3.310633239746e+02 -7.642290741205e-02
3.310623474121e+02 -6.711605191231e-02
3.310613708496e+02 -5.395113304257e-02
3.310603942871e+02 -3.886836022139e-02
3.310594177246e+02 -4.393274709582e-02
3.310584411621e+02 -3.698409721255e-02
3.310574645996e+02 -2.966171875596e-02
3.310564880371e+02 -2.063613571227e-02
3.310555114746e+02 -3.369122371078e-02
3.310545349121e+02 -1.883317530155e-02
3.310535583496e+02 -2.774434909225e-02
3.310525817871e+02 -2.295838296413e-02
3.310516052246e+02 -3.027958795428e-02
3.310506286621e+02 -2.470590546727e-02
3.310496520996e+02 -2.282680757344e-02
3.310486755371e+02 -2.888625487685e-02
3.310476989746e+02 -5.527548491955e-02
3.310467224121e+02 -3.578606620431e-02
3.310457458496e+02 -2.735786698759e-02
3.310447692871e+02 -1.131506171077e-02
3.310437927246e+02 -1.156249083579e-02
3.310428161621e+02 -1.582560129464e-02
3.310418395996e+02 -3.135872259736e-02
3.310408630371e+02 -3.016439080238e-02
3.310398864746e+02 -2.920646034181e-02
3.310389099121e+02 -2.244926616549e-02
3.310379333496e+02 -8.981736376882e-03
3.310369567871e+02 -2.843835577369e-02
3.310359802246e+02 -3.117162734270e-02
3.310350036621e+02 -2.754957787693e-02
3.310340270996e+02 -2.754987217486e-02
3.310330505371e+02 -4.485813900828e-02
3.310320739746e+02 -3.121030703187e-02
3.310310974121e+02 -2.460797317326e-02
3.310301208496e+02 -2.295232005417e-02
3.310291442871e+02 -1.907613500953e-02
3.310281677246e+02 -2.938709594309e-02
3.310271911621e+02 -3.189440071583e-02
3.310262145996e+02 -2.744071558118e-02
3.310252380371e+02 -2.966550365090e-02
3.310242614746e+02 -1.427026279271e-02
3.310232849121e+02 -7.778334897012e-03
3.310223083496e+02 -2.944146981463e-03
3.310213317871e+02 -2.221622876823e-02
3.310203552246e+02 -1.531295571476e-02
3.310193786621e+02 -7.359347771853e-03
3.310184020996e+02 -1.950192824006e-02
3.310174255371e+02 -1.827056147158e-02
3.310164489746e+02 -3.667834028602e-02
3.310154724121e+02 -3.041419386864e-02
3.310144958496e+02 -3.608978539705e-02
3.310135192871e+02 -3.872646763921e-02
3.310125427246e+02 -3.120527043939e-02
3.310115661621e+02 -4.191243276000e-02
3.310105895996e+02 -1.775288768113e-02
3.310096130371e+02 -2.747640386224e-02
3.310086364746e+02 -2.875470370054e-02
3.310076599121e+02 -1.397787593305e-02
3.310066833496e+02 -6.951768300496e-04
3.310057067871e+02 -1.436445675790e-02
3.310047302246e+02 -3.878345713019e-02
3.310037536621e+02 -3.725107014179e-02
3.310027770996e+02 -1.984356716275e-02
3.310018005371e+02 -1.680302806199e-02
3.310008239746e+02 -1.271498482674e-02
3.309998474121e+02 2.128850203007e-03
3.309988708496e+02 -2.663696929812e-02
3.309978942871e+02 -1.615937985480e-02
3.309969177246e+02 -1.725042425096e-02
3.309959411621e+02 -1.582339964807e-02
3.309949645996e+02 -3.528070822358e-02
3.309939880371e+02 -4.025204479694e-02
3.309930114746e+02 -5.276680737734e-02
3.309920349121e+02 -3.919281437993e-02
3.309910583496e+02 -3.922883048654e-02
3.309900817871e+02 -3.914428874850e-02
3.309891052246e+02 -4.108766093850e-02
3.309881286621e+02 -3.515396639705e-02
3.309871520996e+02 -2.854682505131e-02
3.309861755371e+02 -2.264160290360e-02
3.309851989746e+02 -3.311103954911e-02
3.309842224121e+02 -2.304029650986e-02
3.309832458496e+02 -3.102906979620e-02
3.309822692871e+02 -2.237964421511e-02
3.309812927246e+02 -3.679031506181e-02
3.309803161621e+02 -2.103922888637e-02
3.309793395996e+02 -1.851972565055e-02
3.309783630371e+02 -1.621729508042e-02
3.309773864746e+02 -1.727745309472e-02
3.309764099121e+02 -3.154639527202e-02
3.309754333496e+02 -2.444549091160e-02
3.309744567871e+02 -2.482070215046e-02
3.309734802246e+02 -2.364637143910e-02
3.309725036621e+02 -4.370456561446e-02
3.309715270996e+02 -3.968528658152e-02
3.309705505371e+02 -3.514743223786e-02
3.309695739746e+02 -2.845344319940e-02
3.309685974121e+02 -3.169396147132e-02
3.309676208496e+02 -2.340834774077e-02
3.309666442871e+02 -1.355659496039e-02
3.309656677246e+02 -3.600161522627e-02
3.309646911621e+02 -2.841134928167e-02
3.309637145996e+02 -2.304272167385e-02
3.309627380371e+02 -1.477283239365e-02
3.309617614746e+02 -2.625914476812e-02
3.309607849121e+02 -1.743491552770e-02
3.309598083496e+02 -1.951836235821e-02
3.309588317871e+02 -2.398029901087e-02
3.309578552246e+02 -4.216414317489e-02
3.309568786621e+02 -3.632875531912e-02
3.309559020996e+02 3.791706170887e-03
3.309549255371e+02 -4.459918010980e-03
3.309539489746e+02 -1.089836098254e-02
3.309529724121e+02 -9.614716283977e-03
3.309519958496e+02 -4.016690701246e-02
3.309510192871e+02 -4.692469909787e-02
3.309500427246e+02 -2.145406976342e-02
3.309490661621e+02 -2.152770943940e-02
3.309480895996e+02 -5.006694793701e-02
3.309471130371e+02 -3.294844925404e-02
3.309461364746e+02 -3.315564617515e-02
3.309451599121e+02 -2.259409055114e-02
3.309441833496e+02 -3.453581780195e-02
3.309432067871e+02 -3.107470832765e-02
3.309422302246e+02 -3.163991495967e-02
3.309412536621e+02 -1.778613030910e-02
3.309402770996e+02 -1.134177483618e-02
3.309393005371e+02 -2.967405319214e-02
3.309383239746e+02 -2.312420681119e-02
3.309373474121e+02 -2.798924595118e-02
3.309363708496e+02 -1.028293371201e-02
3.309353942871e+02 -2.552665211260e-02
3.309344177246e+02 -3.645160794258e-02
3.309334411621e+02 -5.203598365188e-02
3.309324645996e+02 -5.252322182059e-02
3.309314880371e+02 -2.119099721313e-02
3.309305114746e+02 -1.954777911305e-02
3.309295349121e+02 -3.184446692467e-02
3.309285583496e+02 -3.343606367707e-02
3.309275817871e+02 -3.785130754113e-02
3.309266052246e+02 -1.610652729869e-02
3.309256286621e+02 -2.648452669382e-02
3.309246520996e+02 -2.133630774915e-02
3.309236755371e+02 -6.788071244955e-03
3.309226989746e+02 -3.265460208058e-02
3.309217224121e+02 -2.888887003064e-02
3.309207458496e+02 -1.953076384962e-02
3.309197692871e+02 1.815044015530e-05
3.309187927246e+02 -1.804717630148e-02
3.309178161621e+02 -3.383155912161e-02
3.309168395996e+02 -3.321145102382e-02
3.309158630371e+02 -3.375314921141e-02
3.309148864746e+02 -2.051130682230e-02
3.309139099121e+02 -2.094554714859e-02
3.309129333496e+02 -2.388308569789e-02
3.309119567871e+02 -4.381819069386e-02
3.309109802246e+02 -2.698298729956e-02
3.309100036621e+02 -8.354000747204e-03
3.309090270996e+02 -2.632714621723e-02
3.309080505371e+02 -2.387395314872e-02
3.309070739746e+02 -4.301776736975e-02
3.309060974121e+02 -3.116132691503e-02
3.309051208496e+02 -2.398643456399e-02
3.309041442871e+02 -1.627380028367e-02
3.309031677246e+02 -2.033554762602e-02
3.309021911621e+02 -3.264143317938e-02
3.309012145996e+02 -1.827229559422e-02
3.309002380371e+02 -2.064272947609e-02
3.308992614746e+02 -2.730647101998e-02
3.308982849121e+02 -2.520027197897e-02
3.308973083496e+02 -1.962276734412e-02
3.308963317871e+02 -1.013995148242e-02
3.308953552246e+02 -2.931622974575e-02
3.308943786621e+02 -2.673701010644e-02
3.308934020996e+02 -3.657871112227e-02
3.308924255371e+02 -3.916435688734e-02
3.308914489746e+02 -3.812363371253e-02
3.308904724121e+02 -1.758029311895e-02
3.308894958496e+02 -4.464565590024e-02
3.308885192871e+02 -4.381832107902e-02
3.308875427246e+02 -2.151660621166e-02
3.308865661621e+02 -3.370760381222e-02
3.308855895996e+02 -3.728670999408e-02
3.308846130371e+02 -2.783834189177e-02
3.308836364746e+02 -2.726208232343e-02
3.308826599121e+02 -1.199885457754e-02
3.308816833496e+02 -1.452252082527e-02
3.308807067871e+02 -2.742017991841e-02
3.308797302246e+02 -2.913026511669e-02
3.308787536621e+02 -4.276497289538e-02
3.308777770996e+02 -2.766751684248e-02
3.308768005371e+02 -1.495653018355e-02
3.308758239746e+02 -1.979167386889e-02
3.308748474121e+02 -3.204738348722e-02
3.308738708496e+02 -2.690551802516e-02
3.308728942871e+02 -2.405486442149e-02
3.308719177246e+02 -2.170298062265e-02
3.308709411621e+02 -4.461354762316e-02
3.308699645996e+02 -1.740563288331e-02
3.308689880371e+02 -1.733427308500e-02
3.308680114746e+02 -2.815334498882e-02
3.308670349121e+02 -1.431188639253e-02
3.308660583496e+02 -3.057063743472e-02
3.308650817871e+02 -2.992790192366e-02
3.308641052246e+02 -2.492056228220e-02
3.308631286621e+02 -3.143598884344e-02
3.308621520996e+02 -2.266564033926e-02
3.308611755371e+02 -2.227299660444e-02
3.308601989746e+02 -3.117792122066e-02
3.308592224121e+02 -2.916364185512e-02
3.308582458496e+02 -3.040952794254e-02
3.308572692871e+02 -1.702854596078e-02
3.308562927246e+02 -1.826889626682e-02
3.308553161621e+02 -1.489881519228e-02
3.308543395996e+02 -2.953234128654e-02
3.308533630371e+02 -2.976609766483e-02
3.308523864746e+02 -2.402035333216e-02
3.308514099121e+02 -1.728867925704e-02
3.308504333496e+02 -5.268490314484e-02
3.308494567871e+02 -4.477493092418e-02
3.308484802246e+02 -3.035458922386e-02
3.308475036621e+02 -2.207400836051e-02
3.308465270996e+02 -1.706861890852e-02
3.308455505371e+02 -2.076018601656e-02
3.308445739746e+02 -3.500116243958e-02
3.308435974121e+02 -2.553525939584e-02
3.308426208496e+02 -1.984534785151e-02
3.308416442871e+02 -3.186586126685e-02
3.308406677246e+02 -3.202390670776e-02
3.308396911621e+02 -3.267544135451e-02
3.308387145996e+02 -4.919128119946e-02
3.308377380371e+02 -3.494362905622e-02
3.308367614746e+02 -3.361076116562e-02
3.308357849121e+02 -2.916400134563e-02
3.308348083496e+02 -2.047170698643e-02
3.308338317871e+02 -1.832730323076e-02
3.308328552246e+02 -4.793187603354e-03
3.308318786621e+02 -3.161555528641e-02
3.308309020996e+02 -9.772808291018e-03
3.308299255371e+02 -1.483718771487e-02
3.308289489746e+02 -3.222029283643e-02
3.308279724121e+02 -3.120004199445e-02
3.308269958496e+02 -3.672444820404e-02
3.308260192871e+02 -2.936466410756e-02
3.308250427246e+02 -3.249891474843e-02
3.308240661621e+02 -2.136855758727e-02
3.308230895996e+02 -3.273291140795e-02
3.308221130371e+02 -2.020614780486e-02
3.308211364746e+02 -1.846003904939e-02
3.308201599121e+02 -3.373018652201e-02
3.308191833496e+02 -3.476351872087e-02
3.308182067871e+02 -3.740262612700e-02
3.308172302246e+02 -2.017913199961e-02
3.308162536621e+02 -3.108402155340e-02
3.308152770996e+02 -3.315192088485e-02
3.308143005371e+02 -2.218277938664e-02
3.308133239746e+02 -1.928050071001e-02
3.308123474121e+02 -2.328193560243e-02
3.308113708496e+02 -2.051670104265e-02
3.308103942871e+02 -6.723492871970e-03
3.308094177246e+02 -2.379918843508e-02
3.308084411621e+02 -2.336946316063e-02
3.308074645996e+02 -6.116848438978e-03
3.308064880371e+02 -1.501180697232e-02
3.308055114746e+02 -1.055172923952e-02
3.308045349121e+02 -2.472337149084e-02
3.308035583496e+02 -2.680341340601e-02
3.308025817871e+02 -3.430028632283e-02
3.308016052246e+02 -3.552980720997e-02
3.308006286621e+02 -2.231600321829e-02
3.307996520996e+02 -2.778598666191e-02
3.307986755371e+02 -4.426076263189e-02
3.307976989746e+02 -4.196312278509e-02
3.307967224121e+02 -3.414902091026e-02
3.307957458496e+02 -1.540658157319e-02
3.307947692871e+02 -2.590847760439e-02
3.307937927246e+02 -3.374851867557e-02
3.307928161621e+02 -2.963998913765e-02
3.307918395996e+02 -4.354573413730e-02
3.307908630371e+02 -4.275590553880e-02
3.307898864746e+02 -3.080279380083e-02
3.307889099121e+02 -1.536016911268e-02
3.307879333496e+02 -2.777234092355e-02
3.307869567871e+02 -2.795578725636e-02
3.307859802246e+02 -3.353772312403e-02
3.307850036621e+02 -3.340502083302e-02
3.307840270996e+02 -2.129104174674e-02
3.307830505371e+02 -4.206637665629e-02
3.307820739746e+02 -3.313634172082e-02
3.307810974121e+02 -4.462726041675e-02
3.307801208496e+02 -2.959428913891e-02
3.307791442871e+02 -1.772549562156e-02
3.307781677246e+02 6.597888655961e-03
3.307771911621e+02 -2.868024259806e-02
3.307762145996e+02 -2.664535120130e-02
3.307752380371e+02 -3.766358271241e-02
3.307742614746e+02 -2.367440238595e-02
3.307732849121e+02 -8.107680827379e-03
3.307723083496e+02 -1.934163272381e-02
3.307713317871e+02 -1.970404945314e-02
3.307703552246e+02 -1.749573275447e-02
3.307693786621e+02 -1.578399911523e-02
3.307684020996e+02 8.724865503609e-03
3.307674255371e+02 -1.913153380156e-02
3.307664489746e+02 -2.305247820914e-02
3.307654724121e+02 -2.211301773787e-02
3.307644958496e+02 -2.670743875206e-02
3.307635192871e+02 -1.108073536307e-02
3.307625427246e+02 -9.265054017305e-03
3.307615661621e+02 -2.787448093295e-02
3.307605895996e+02 -3.735375776887e-02
3.307596130371e+02 -3.796260058880e-02
3.307586364746e+02 -3.519418835640e-02
3.307576599121e+02 -3.168040141463e-02
3.307566833496e+02 -4.633284360170e-02
3.307557067871e+02 -2.263663522899e-02
3.307547302246e+02 -2.079356275499e-02
3.307537536621e+02 -3.116077557206e-02
3.307527770996e+02 -3.260967880487e-02
3.307518005371e+02 -1.759018190205e-02
3.307508239746e+02 -3.246347187087e-03
3.307498474121e+02 -1.326047815382e-02
3.307488708496e+02 -2.051341906190e-02
3.307478942871e+02 -2.486036904156e-02
3.307469177246e+02 -4.885317757726e-02
3.307459411621e+02 -4.467367008328e-02
3.307449645996e+02 -2.879342436790e-02
3.307439880371e+02 -1.720089279115e-02
3.307430114746e+02 -1.393142342567e-02
3.307420349121e+02 -2.085025422275e-02
3.307410583496e+02 -2.626554481685e-02
3.307400817871e+02 -1.202639471740e-02
3.307391052246e+02 -2.699933387339e-02
3.307381286621e+02 -2.709059603512e-02
3.307371520996e+02 -1.478709001094e-02
3.307361755371e+02 -4.016487300396e-02
3.307351989746e+02 -4.001200199127e-02
3.307342224121e+02 -4.093353077769e-02
3.307332458496e+02 -3.756109997630e-02
3.307322692871e+02 -4.570716619492e-02
3.307312927246e+02 -2.768277563155e-02
3.307303161621e+02 -1.722318865359e-02
3.307293395996e+02 -3.065890818834e-02
3.307283630371e+02 -3.747339919209e-02
3.307273864746e+02 -2.417452819645e-02
3.307264099121e+02 -3.442404046655e-02
3.307254333496e+02 -2.310562133789e-02
3.307244567871e+02 -1.558597758412e-02
3.307234802246e+02 -2.422817610204e-02
3.307225036621e+02 -3.947495669127e-02
3.307215270996e+02 -4.274670407176e-02
3.307205505371e+02 -3.273311257362e-02
3.307195739746e+02 -1.688081957400e-02
3.307185974121e+02 -2.697481960058e-02
3.307176208496e+02 -3.525330871344e-02
3.307166442871e+02 -1.947147026658e-02
3.307156677246e+02 -3.204818069935e-02
3.307146911621e+02 -3.218431025743e-02
3.307137145996e+02 -4.891003668308e-02
3.307127380371e+02 -3.780662640929e-02
3.307117614746e+02 -2.317113243043e-02
3.307107849121e+02 -1.337364874780e-02
3.307098083496e+02 -4.946596454829e-03
3.307088317871e+02 -1.920399814844e-02
3.307078552246e+02 -1.767413318157e-02
3.307068786621e+02 -9.848555549979e-03
3.307059020996e+02 -1.123586669564e-02
3.307049255371e+02 -1.986378431320e-02
3.307039489746e+02 -1.189380232245e-02
3.307029724121e+02 -1.906348206103e-02
3.307019958496e+02 -2.316527441144e-02
3.307010192871e+02 -2.914814837277e-02
3.307000427246e+02 -3.273081406951e-02
3.306990661621e+02 -3.713751956820e-02
3.306980895996e+02 -3.294884040952e-02
3.306971130371e+02 -1.804837770760e-02
3.306961364746e+02 -2.397665753961e-03
3.306951599121e+02 -9.616086259484e-03
3.306941833496e+02 -2.605380304158e-02
3.306932067871e+02 -2.935459278524e-02
3.306922302246e+02 -2.528343535960e-02
3.306912536621e+02 -1.763291843235e-02
3.306902770996e+02 -1.698600500822e-02
3.306893005371e+02 -2.324793115258e-02
3.306883239746e+02 -2.198408730328e-02
3.306873474121e+02 -2.779738046229e-02
3.306863708496e+02 -2.601822279394e-02
3.306853942871e+02 -2.551509812474e-02
3.306844177246e+02 -1.789809949696e-02
3.306834411621e+02 -2.597985789180e-02
3.306824645996e+02 -3.190921992064e-02
3.306814880371e+02 -3.400658443570e-02
3.306805114746e+02 -2.342384681106e-02
3.306795349121e+02 -1.328479591757e-02
3.306785583496e+02 -2.935215085745e-02
3.306775817871e+02 -9.039538912475e-03
3.306766052246e+02 -3.364976495504e-02
3.306756286621e+02 -1.267139613628e-02
3.306746520996e+02 -7.881566882133e-03
3.306736755371e+02 -1.928795501590e-02
3.306726989746e+02 -1.549587678164e-02
3.306717224121e+02 -3.392058424652e-03
3.306707458496e+02 -1.700611226261e-02
3.306697692871e+02 -2.499057725072e-02
3.306687927246e+02 -2.628733776510e-02
3.306678161621e+02 -4.014835134149e-02
3.306668395996e+02 -1.654495298862e-02
3.306658630371e+02 -1.531670894474e-02
3.306648864746e+02 -2.795285917819e-02
3.306639099121e+02 -1.215703878552e-02
3.306629333496e+02 -4.369064047933e-02
3.306619567871e+02 -2.464343607426e-02
3.306609802246e+02 -2.210333570838e-02
3.306600036621e+02 -3.218453377485e-02
3.306590270996e+02 -2.599947899580e-02
3.306580505371e+02 -2.386555820704e-02
3.306570739746e+02 -3.071220964193e-02
3.306560974121e+02 -4.102469235659e-02
3.306551208496e+02 -3.164906427264e-02
3.306541442871e+02 -1.488173473626e-02
3.306531677246e+02 -3.259036689997e-02
3.306521911621e+02 -4.680709913373e-02
3.306512145996e+02 -3.283999487758e-02
3.306502380371e+02 -1.399263460189e-02
3.306492614746e+02 -4.061415791512e-02
3.306482849121e+02 -3.886983543634e-02
3.306473083496e+02 -3.654836118221e-02
3.306463317871e+02 -2.665600553155e-02
3.306453552246e+02 -2.454558759928e-02
3.306443786621e+02 -2.458072453737e-02
3.306434020996e+02 -2.532950975001e-02
3.306424255371e+02 -2.203541062772e-02
3.306414489746e+02 -2.240236289799e-02
3.306404724121e+02 -2.454165741801e-02
3.306394958496e+02 -1.719672605395e-02
3.306385192871e+02 -4.083865135908e-02
3.306375427246e+02 -3.919750824571e-02
3.306365661621e+02 -3.561991453171e-02
3.306355895996e+02 -1.468282844871e-02
3.306346130371e+02 -3.859229758382e-02
3.306336364746e+02 -3.447897359729e-02
3.306326599121e+02 -1.014438923448e-02
3.306316833496e+02 -1.306257955730e-02
3.306307067871e+02 -1.863595843315e-02
3.306297302246e+02 -2.827489189804e-02
3.306287536621e+02 -2.935451082885e-02
3.306277770996e+02 -3.018926829100e-02
3.306268005371e+02 -1.464417763054e-02
3.306258239746e+02 -1.160363480449e-02
3.306248474121e+02 5.312687717378e-03
3.306238708496e+02 1.305530034006e-02
3.306228942871e+02 -6.160172168165e-03
3.306219482422e+02 -1.494454499334e-02
3.306209716797e+02 3.921035211533e-03
3.306199951172e+02 2.542411908507e-02
3.306190185547e+02 9.742637164891e-03
3.306180419922e+02 -1.702420040965e-02
3.306170654297e+02 -4.412462934852e-02
3.306160888672e+02 -4.947262629867e-02
3.306151123047e+02 -1.335659809411e-02
3.306141357422e+02 -1.800674013793e-02
3.306131591797e+02 -4.007130488753e-02
3.306121826172e+02 -5.140483006835e-02
3.306112060547e+02 -2.941032685339e-02
3.306102294922e+02 -2.509866096079e-02
3.306092529297e+02 -4.233640804887e-02
3.306082763672e+02 -2.144116908312e-02
3.306072998047e+02 -1.995898969471e-02
3.306063232422e+02 -3.453061357141e-02
3.306053466797e+02 -3.244748339057e-02
3.306043701172e+02 -4.574093222618e-02
3.306033935547e+02 -4.706845805049e-02
3.306024169922e+02 -1.911377534270e-02
3.306014404297e+02 -1.353765279055e-02
3.306004638672e+02 -6.929805036634e-03
3.305994873047e+02 -2.545469067991e-02
3.305985107422e+02 -2.656577527523e-02
3.305975341797e+02 -5.793238431215e-02
3.305965576172e+02 -3.678091242909e-02
3.305955810547e+02 -2.921608835459e-02
3.305946044922e+02 -3.978290036321e-02
3.305936279297e+02 -3.397516906261e-02
3.305926513672e+02 -4.412857443094e-02
3.305916748047e+02 -3.804355859756e-02
3.305906982422e+02 -5.161402374506e-02
3.305897216797e+02 -3.188360109925e-02
3.305887451172e+02 -3.453121334314e-02
3.305877685547e+02 -3.257735073566e-02
3.305867919922e+02 -4.793667048216e-02
3.305858154297e+02 -3.496057540178e-02
3.305848388672e+02 -3.529930859804e-02
3.305838623047e+02 -1.916001737118e-02
3.305828857422e+02 -3.087685815990e-02
3.305819091797e+02 -2.557143755257e-02
3.305809326172e+02 -1.252902857959e-02
3.305799560547e+02 -2.604566514492e-02
3.305789794922e+02 -3.812550753355e-02
3.305780029297e+02 -1.228066347539e-02
3.305770263672e+02 -1.704664900899e-02
3.305760498047e+02 -2.214328385890e-02
3.305750732422e+02 -3.753214329481e-02
3.305740966797e+02 -3.312114626169e-02
3.305731201172e+02 -3.678523749113e-02
3.305721435547e+02 -3.193194046617e-02
3.305711669922e+02 -4.816903918982e-02
3.305701904297e+02 -4.193256795406e-02
3.305692138672e+02 -2.755098231137e-02
3.305682373047e+02 -3.311030566692e-02
3.305672607422e+02 -2.747947163880e-02
3.305662841797e+02 -2.631906047463e-02
3.305653076172e+02 -1.003606151789e-02
3.305643310547e+02 -1.175933051854e-02
3.305633544922e+02 1.795573858544e-03
3.305623779297e+02 -1.476784609258e-02
3.305614013672e+02 -2.164157666266e-02
3.305604248047e+02 -3.266768157482e-02
3.305594482422e+02 -3.185883164406e-02
3.305584716797e+02 -3.757265210152e-02
3.305574951172e+02 -2.898961678147e-02
3.305565185547e+02 -3.159024938941e-02
3.305555419922e+02 -1.375157386065e-02
3.305545654297e+02 -3.522851911839e-04
3.305535888672e+02 2.570305019617e-02
3.305526123047e+02 7.748560607433e-02
3.305516357422e+02 1.597304195166e-01
3.305506591797e+02 2.529429793358e-01
3.305496826172e+02 3.465490341187e-01
3.305487060547e+02 4.466308653355e-01
3.305477294922e+02 5.468351840973e-01
3.305467529297e+02 6.734139323235e-01
3.305457763672e+02 7.430101037025e-01
3.305447998047e+02 7.437329888344e-01
3.305438232422e+02 7.063692808151e-01
3.305428466797e+02 6.345629692078e-01
3.305418701172e+02 5.457432866096e-01
3.305408935547e+02 4.633734226227e-01
3.305399169922e+02 3.466676175594e-01
3.305389404297e+02 2.354579567909e-01
3.305379638672e+02 1.479108035564e-01
3.305369873047e+02 7.774445414543e-02
3.305360107422e+02 -1.326661673374e-03
3.305350341797e+02 -5.777316540480e-02
3.305340576172e+02 -1.084591820836e-01
3.305330810547e+02 -1.281927078962e-01
3.305321044922e+02 -1.201478466392e-01
3.305311279297e+02 -1.142870113254e-01
3.305301513672e+02 -1.039598882198e-01
3.305291748047e+02 -8.317659050226e-02
3.305281982422e+02 -8.417336642742e-02
3.305272216797e+02 -7.111896574497e-02
3.305262451172e+02 -4.979408159852e-02
3.305252685547e+02 -4.926986992359e-02
3.305242919922e+02 -3.447308391333e-02
3.305233154297e+02 -2.523226104677e-02
3.305223388672e+02 -1.767203956842e-02
3.305213623047e+02 -2.839430049062e-02
3.305203857422e+02 -3.990627825260e-02
3.305194091797e+02 -2.959156222641e-02
3.305184326172e+02 -1.843199320138e-02
3.305174560547e+02 -1.033058483154e-02
3.305164794922e+02 -1.963280513883e-02
3.305155029297e+02 -3.456923738122e-02
3.305145263672e+02 -1.994500868022e-02
3.305135498047e+02 -2.202726341784e-02
3.305125732422e+02 -4.020456224680e-02
3.305115966797e+02 -2.214459888637e-02
3.305106201172e+02 -1.986093632877e-02
3.305096435547e+02 -3.951660171151e-02
3.305086669922e+02 -3.406259045005e-02
3.305076904297e+02 -3.466787189245e-02
3.305067138672e+02 -3.335842862725e-02
3.305057373047e+02 -2.007260359824e-02
3.305047607422e+02 -1.904823072255e-02
3.305037841797e+02 -2.800397016108e-02
3.305028076172e+02 -3.793827816844e-02
3.305018310547e+02 -1.160114351660e-02
3.305008544922e+02 -2.896202355623e-02
3.304998779297e+02 -3.990787267685e-02
3.304989013672e+02 -4.642377793789e-02
3.304979248047e+02 -2.380791679025e-02
3.304969482422e+02 -4.266023635864e-02
3.304959716797e+02 -4.248724877834e-02
3.304949951172e+02 -3.541568666697e-02
3.304940185547e+02 -2.837824262679e-02
3.304930419922e+02 -2.774504013360e-02
3.304920654297e+02 -2.352442033589e-02
3.304910888672e+02 -1.569959521294e-02
3.304901123047e+02 -1.067791320384e-02
3.304891357422e+02 -1.860139332712e-02
3.304881591797e+02 -1.340170670301e-02
3.304871826172e+02 -1.720777899027e-02
3.304862060547e+02 -2.319121360779e-02
3.304852294922e+02 -3.811817988753e-02
3.304842529297e+02 -5.681716650724e-02
3.304832763672e+02 -3.467736393213e-02
3.304822998047e+02 -2.530973963439e-02
3.304813232422e+02 -1.938510127366e-02
3.304803466797e+02 -3.099365718663e-02
3.304793701172e+02 -4.683972150087e-02
3.304783935547e+02 -3.646327927709e-02
3.304774169922e+02 -1.894334703684e-02
3.304764404297e+02 -3.362340107560e-02
3.304754638672e+02 -5.432125553489e-02
3.304744873047e+02 -6.163700297475e-02
3.304735107422e+02 -5.795744806528e-02
3.304725341797e+02 -4.761980846524e-02
3.304715576172e+02 -3.385768085718e-02
3.304705810547e+02 -3.862178698182e-02
3.304696044922e+02 -4.248971492052e-02
3.304686279297e+02 -3.089815750718e-02
3.304676513672e+02 -4.109916836023e-02
3.304666748047e+02 -3.731472045183e-02
3.304656982422e+02 -2.935397624969e-02
3.304647216797e+02 -3.952609002590e-02
3.304637451172e+02 -4.192152246833e-02
3.304627685547e+02 -3.197287023067e-02
3.304617919922e+02 -3.565613552928e-02
3.304608154297e+02 -3.863441571593e-02
3.304598388672e+02 -3.635778650641e-02
3.304588623047e+02 -3.029907308519e-02
3.304578857422e+02 -3.816911205649e-02
3.304569091797e+02 -3.207095339894e-02
3.304559326172e+02 -3.372666612267e-02
3.304549560547e+02 -3.195778653026e-02
3.304539794922e+02 -3.153314441442e-02
3.304530029297e+02 -2.531317062676e-02
3.304520263672e+02 -3.704196959734e-02
3.304510498047e+02 -2.446798048913e-02
3.304500732422e+02 -1.419094577432e-02
3.304490966797e+02 -1.836068555713e-02
3.304481201172e+02 -2.456564269960e-02
3.304471435547e+02 -3.053309768438e-02
3.304461669922e+02 -3.209991008043e-02
3.304451904297e+02 -4.110521823168e-02
3.304442138672e+02 -1.520146988332e-02
3.304432373047e+02 4.981840495020e-03
3.304422607422e+02 1.071234140545e-02
3.304412841797e+02 3.763341903687e-02
3.304403076172e+02 7.769365608692e-02
3.304393310547e+02 1.293188780546e-01
3.304383544922e+02 1.905032247305e-01
3.304373779297e+02 2.531774342060e-01
3.304364013672e+02 3.277184665203e-01
3.304354248047e+02 3.666463792324e-01
3.304344482422e+02 3.599281311035e-01
3.304334716797e+02 3.269891142845e-01
3.304324951172e+02 2.698656618595e-01
3.304315185547e+02 2.279377579689e-01
3.304305419922e+02 1.862715035677e-01
3.304295654297e+02 1.697876006365e-01
3.304285888672e+02 1.643981486559e-01
3.304276123047e+02 1.368118673563e-01
3.304266357422e+02 9.000767022371e-02
3.304256591797e+02 5.340920016170e-02
3.304246826172e+02 -3.957872744650e-03
3.304237060547e+02 -6.420806795359e-02
3.304227294922e+02 -1.311126649380e-01
3.304217529297e+02 -1.434556692839e-01
3.304207763672e+02 -1.401626765728e-01
3.304197998047e+02 -1.180605143309e-01
3.304188232422e+02 -1.150874719024e-01
3.304178466797e+02 -1.045742109418e-01
3.304168701172e+02 -6.967749446630e-02
3.304158935547e+02 -6.487087160349e-02
3.304149169922e+02 -4.963454976678e-02
3.304139404297e+02 -4.795829206705e-02
3.304129638672e+02 -3.773523494601e-02
3.304119873047e+02 -5.276741459966e-02
3.304110107422e+02 -5.088566616178e-02
3.304100341797e+02 -2.958374097943e-02
3.304090576172e+02 -1.944017969072e-02
3.304080810547e+02 -3.094869479537e-02
3.304071044922e+02 -3.434309363365e-02
3.304061279297e+02 -3.627638146281e-02
3.304051513672e+02 -3.946114704013e-02
3.304041748047e+02 -4.452474042773e-02
3.304031982422e+02 -3.002434410155e-02
3.304022216797e+02 -4.776834696531e-02
3.304012451172e+02 -4.007956013083e-02
3.304002685547e+02 -2.675365656614e-02
3.303992919922e+02 -1.852956414223e-02
3.303983154297e+02 -2.336898259819e-02
3.303973388672e+02 -4.272465035319e-02
3.303963623047e+02 -3.253124654293e-02
3.303953857422e+02 -3.485077992082e-02
3.303944091797e+02 -1.409718673676e-02
3.303934326172e+02 -1.599293202162e-02
3.303924560547e+02 -2.605609036982e-02
3.303914794922e+02 -2.931357733905e-02
3.303905029297e+02 -3.094263188541e-02
3.303895263672e+02 -3.427899256349e-02
3.303885498047e+02 -3.124042972922e-02
3.303875732422e+02 -2.396060712636e-02
3.303865966797e+02 -3.584647178650e-02
3.303856201172e+02 -3.423729911447e-02
3.303846435547e+02 -4.309239238501e-02
3.303836669922e+02 -2.260744385421e-02
3.303826904297e+02 -2.159306593239e-02
3.303817138672e+02 -1.953519135714e-02
3.303807373047e+02 -8.939034305513e-03
3.303797607422e+02 -1.879218593240e-02
3.303787841797e+02 -2.172265201807e-02
3.303778076172e+02 -3.117039613426e-02
3.303768310547e+02 -4.689798131585e-02
3.303758544922e+02 -4.086868092418e-02
3.303748779297e+02 -5.239265784621e-02
3.303739013672e+02 -3.515456244349e-02
3.303729248047e+02 -2.003864571452e-02
3.303719482422e+02 -2.728799358010e-02
3.303709716797e+02 -1.771478168666e-02
3.303699951172e+02 -2.555605582893e-02
3.303690185547e+02 -3.148332983255e-02
3.303680419922e+02 -8.516812697053e-03
3.303670654297e+02 -1.976830326021e-02
3.303660888672e+02 -2.994837425649e-02
3.303651123047e+02 -2.377743460238e-02
3.303641357422e+02 -5.633890163153e-03
3.303631591797e+02 -1.962027326226e-02
3.303621826172e+02 -4.063424095511e-02
3.303612060547e+02 -1.649691723287e-02
3.303602294922e+02 -4.448721650988e-03
3.303592529297e+02 -2.865719981492e-02
3.303582763672e+02 -3.418353572488e-02
3.303572998047e+02 -3.545709326863e-02
3.303563232422e+02 -9.266070090234e-03
3.303553466797e+02 -1.591647416353e-02
3.303543701172e+02 -3.257421776652e-02
3.303533935547e+02 -3.051583841443e-02
3.303524169922e+02 -3.042729198933e-02
3.303514404297e+02 -4.405155405402e-02
3.303504638672e+02 -2.251457422972e-02
3.303494873047e+02 -2.635842189193e-02
3.303485107422e+02 -3.153034299612e-02
3.303475341797e+02 -1.715226843953e-02
3.303465576172e+02 -3.991496935487e-02
3.303455810547e+02 -3.632368147373e-02
3.303446044922e+02 -3.639556095004e-02
3.303436279297e+02 -2.315099351108e-02
3.303426513672e+02 -3.806959837675e-02
3.303416748047e+02 -4.584414884448e-02
3.303406982422e+02 -2.496286481619e-02
3.303397216797e+02 -2.681765519083e-02
3.303387451172e+02 -2.632715366781e-02
3.303377685547e+02 -3.802297636867e-02
3.303367919922e+02 -2.338208630681e-02
3.303358154297e+02 -2.174431644380e-02
3.303348388672e+02 -3.797131404281e-02
3.303338623047e+02 -4.182194173336e-02
3.303328857422e+02 -3.271131590009e-02
3.303319091797e+02 -3.282756730914e-02
3.303309326172e+02 -2.078917063773e-02
3.303299560547e+02 -3.273557499051e-02
3.303289794922e+02 -3.151899576187e-02
3.303280029297e+02 -1.601329818368e-02
3.303270263672e+02 -1.274125091732e-02
3.303260498047e+02 -3.099983371794e-02
3.303250732422e+02 -3.049102798104e-02
3.303240966797e+02 -3.893607854843e-02
3.303231201172e+02 -4.605549946427e-02
3.303221435547e+02 -3.214076533914e-02
3.303211669922e+02 -3.168788924813e-02
3.303201904297e+02 -3.036511316895e-02
3.303192138672e+02 -1.421440672129e-02
3.303182373047e+02 -2.324585802853e-02
3.303172607422e+02 -2.428616583347e-02
3.303162841797e+02 -3.343822434545e-02
3.303153076172e+02 -2.142346696928e-03
3.303143310547e+02 -1.275273784995e-02
3.303133544922e+02 -2.141014672816e-02
3.303123779297e+02 -3.701348975301e-02
3.303114013672e+02 -3.172113373876e-02
3.303104248047e+02 -3.425332158804e-02
3.303094482422e+02 -3.794387355447e-02
3.303084716797e+02 -1.947867684066e-02
3.303074951172e+02 -3.573219850659e-02
3.303065185547e+02 -3.013109602034e-02
3.303055419922e+02 -3.791190683842e-02
3.303045654297e+02 -4.740567877889e-02
3.303035888672e+02 -3.913922980428e-02
3.303026123047e+02 -3.633482381701e-02
3.303016357422e+02 -3.392861410975e-02
3.303006591797e+02 -1.495413761586e-02
3.302996826172e+02 -1.453595515341e-02
3.302987060547e+02 -3.977047279477e-02
3.302977294922e+02 -3.031339868903e-02
3.302967529297e+02 -2.590870857239e-02
3.302957763672e+02 -2.708120085299e-02
3.302947998047e+02 -1.537206768990e-02
3.302938232422e+02 -3.160992264748e-02
3.302928466797e+02 -2.977440506220e-02
3.302918701172e+02 -3.739280626178e-02
3.302908935547e+02 -2.439661696553e-02
3.302899169922e+02 -2.046003565192e-02
3.302889404297e+02 -4.443540051579e-02
3.302879638672e+02 -2.900893427432e-02
3.302869873047e+02 -3.345176950097e-02
3.302860107422e+02 -3.851785883307e-02
3.302850341797e+02 -2.488687075675e-02
3.302840576172e+02 -3.011642582715e-02
3.302830810547e+02 -2.780718728900e-02
3.302821044922e+02 -2.724261209369e-02
3.302811279297e+02 -3.247108682990e-02
3.302801513672e+02 -2.078345790505e-02
3.302791748047e+02 -2.262101322412e-02
3.302781982422e+02 -3.624290972948e-02
3.302772216797e+02 -2.956297621131e-02
3.302762451172e+02 -3.006455488503e-02
3.302752685547e+02 -3.779549524188e-02
3.302742919922e+02 -2.397129684687e-02
3.302733154297e+02 -2.707396820188e-02
3.302723388672e+02 -2.118073590100e-02
3.302713623047e+02 -2.493209764361e-02
3.302703857422e+02 -3.021744452417e-02
3.302694091797e+02 -3.318618610501e-02
3.302684326172e+02 -1.589642465115e-02
3.302674560547e+02 -2.664451114833e-02
3.302664794922e+02 -3.718504309654e-02
3.302655029297e+02 -1.296491827816e-02
3.302645263672e+02 -1.782547123730e-02
3.302635498047e+02 -2.753004059196e-02
3.302625732422e+02 -4.299204051495e-02
3.302615966797e+02 -4.534381628036e-02
3.302606201172e+02 -4.393033310771e-02
3.302596435547e+02 -2.049308456481e-02
3.302586669922e+02 -3.923469781876e-02
3.302576904297e+02 -3.367089852691e-02
3.302567138672e+02 -3.182425722480e-02
3.302557373047e+02 -6.343421526253e-03
3.302547607422e+02 -1.310231909156e-02
3.302537841797e+02 -3.269578143954e-02
3.302528076172e+02 -3.757242113352e-02
3.302518310547e+02 -3.908995166421e-02
3.302508544922e+02 -3.748350590467e-02
3.302498779297e+02 -2.899756282568e-02
3.302489013672e+02 -2.061189524829e-02
3.302479248047e+02 -3.683952614665e-02
3.302469482422e+02 -2.894287370145e-02
3.302459716797e+02 -4.002557694912e-02
3.302449951172e+02 -2.861155383289e-02
3.302440185547e+02 -3.393761068583e-02
3.302430419922e+02 -2.394368313253e-02
3.302420654297e+02 -2.737198770046e-02
3.302410888672e+02 -3.201688826084e-02
3.302401123047e+02 -2.030729688704e-02
3.302391357422e+02 -4.706471413374e-02
3.302381591797e+02 -2.732246369123e-02
3.302371826172e+02 -3.403281792998e-02
3.302362060547e+02 -3.172710537910e-02
3.302352294922e+02 -3.058713488281e-02
3.302342529297e+02 -3.036082722247e-02
3.302332763672e+02 -2.900308556855e-02
3.302322998047e+02 -3.714840859175e-02
3.302313232422e+02 -2.843965217471e-02
3.302303466797e+02 -3.401346504688e-02
3.302293701172e+02 -3.905609995127e-02
3.302283935547e+02 -4.583831131458e-02
3.302274169922e+02 -2.825460955501e-02
3.302264404297e+02 -2.953280508518e-02
3.302254638672e+02 -3.562989458442e-02
3.302244873047e+02 -4.332103207707e-02
3.302235107422e+02 -2.813632413745e-02
3.302225341797e+02 -3.652318567038e-02
3.302215576172e+02 -2.489190734923e-02
3.302205810547e+02 -3.142333403230e-02
3.302196044922e+02 -4.077908769250e-02
3.302186279297e+02 -3.180905431509e-02
3.302176513672e+02 -2.339023351669e-02
3.302166748047e+02 -3.187048435211e-02
3.302156982422e+02 -3.202636912465e-02
3.302147216797e+02 -2.422430366278e-02
3.302137451172e+02 -9.759808890522e-03
3.302127685547e+02 -3.403620049357e-02
3.302117919922e+02 -4.893211275339e-02
3.302108154297e+02 -3.662399202585e-02
3.302098388672e+02 -2.849724516273e-02
3.302088623047e+02 -8.375938981771e-03
3.302078857422e+02 -1.389654725790e-02
3.302069091797e+02 -3.427403792739e-02
3.302059326172e+02 -2.879748865962e-02
3.302049560547e+02 -1.786518096924e-02
3.302039794922e+02 -3.512236475945e-02
3.302030029297e+02 -2.826677821577e-02
3.302020263672e+02 -2.525320276618e-03
3.302010498047e+02 -3.192085400224e-02
3.302000732422e+02 -1.969295367599e-02
3.301990966797e+02 -1.927901804447e-02
3.301981201172e+02 -4.825460538268e-02
3.301971435547e+02 -5.419730022550e-02
3.301961669922e+02 -3.995075821877e-02
3.301951904297e+02 -1.822470501065e-02
3.301942138672e+02 -2.080351114273e-02
3.301932373047e+02 -1.730551198125e-02
3.301922607422e+02 -1.433050725609e-02
3.301912841797e+02 -2.254556119442e-02
3.301903076172e+02 -1.940572075546e-02
3.301893310547e+02 -3.067575022578e-02
3.301883544922e+02 -3.554890677333e-02
3.301873779297e+02 -3.934008255601e-02
3.301864013672e+02 -4.107176139951e-02
3.301854248047e+02 -2.440144866705e-02
3.301844482422e+02 -3.448362275958e-02
3.301834716797e+02 -2.590006589890e-02
3.301824951172e+02 -3.559835255146e-02
3.301815185547e+02 -4.951021820307e-02
3.301805419922e+02 -4.559170082211e-02
3.301795654297e+02 -5.737245082855e-02
3.301785888672e+02 -4.332254454494e-02
3.301776123047e+02 -2.813958004117e-02
3.301766357422e+02 -2.262904308736e-02
3.301756591797e+02 -2.502919547260e-02
3.301746826172e+02 -4.068080708385e-02
3.301737060547e+02 -4.546678438783e-02
3.301727294922e+02 -3.759060055017e-02
3.301717529297e+02 -1.876187324524e-02
3.301707763672e+02 -4.147361218929e-02
3.301697998047e+02 -4.430690035224e-02
3.301688232422e+02 -5.257410183549e-02
3.301678466797e+02 -2.473328821361e-02
3.301668701172e+02 -2.257245779037e-02
3.301658935547e+02 -1.886082068086e-02
3.301649169922e+02 -3.928281739354e-02
3.301639404297e+02 -2.040843479335e-02
3.301629638672e+02 -2.536133304238e-02
3.301619873047e+02 -1.960113830864e-02
3.301610107422e+02 -2.449989505112e-02
3.301600341797e+02 -2.869683690369e-02
3.301590576172e+02 -1.556723657995e-02
3.301580810547e+02 -1.703248731792e-02
3.301571044922e+02 -2.813854627311e-02
3.301561279297e+02 -2.457007393241e-02
3.301551513672e+02 -1.522122416645e-02
3.301541748047e+02 -4.220845922828e-02
3.301531982422e+02 -4.613490030169e-02
3.301522216797e+02 -3.051383234560e-02
3.301512451172e+02 -3.236113116145e-02
3.301502685547e+02 -2.158807218075e-02
3.301492919922e+02 -1.175482105464e-02
3.301483154297e+02 -1.328547298908e-02
3.301473388672e+02 8.153927512467e-03
3.301463623047e+02 -1.238504238427e-02
3.301453857422e+02 -3.075089491904e-02
3.301444091797e+02 -3.307524695992e-02
3.301434326172e+02 -2.355433255434e-02
3.301424560547e+02 -2.226541377604e-02
3.301414794922e+02 -2.375350147486e-02
3.301405029297e+02 -3.620634600520e-02
3.301395263672e+02 -4.027425497770e-02
3.301385498047e+02 -4.320357367396e-02
3.301375732422e+02 -4.061004146934e-02
3.301365966797e+02 -3.166965767741e-02
3.301356201172e+02 -2.985697425902e-02
3.301346435547e+02 -1.456963829696e-02
3.301336669922e+02 -2.893336489797e-02
3.301326904297e+02 -1.950020529330e-02
3.301317138672e+02 -2.808476425707e-02
3.301307373047e+02 -5.016537755728e-02
3.301297607422e+02 -3.252423927188e-02
3.301287841797e+02 -2.881097793579e-02
3.301278076172e+02 -3.909856826067e-02
3.301268310547e+02 -4.008906334639e-02
3.301258544922e+02 -4.339995607734e-02
3.301248779297e+02 -4.428831860423e-02
3.301239013672e+02 -3.897551074624e-02
3.301229248047e+02 -6.402379274368e-02
3.301219482422e+02 -5.409298092127e-02
3.301209716797e+02 -3.926895186305e-02
3.301199951172e+02 -1.589291356504e-02
3.301190185547e+02 -5.183271318674e-02
3.301180419922e+02 -3.214588016272e-02
3.301170654297e+02 -2.207197621465e-02
3.301160888672e+02 -2.616108022630e-02
3.301151123047e+02 -4.700681194663e-02
3.301141357422e+02 -3.340439870954e-02
3.301131591797e+02 -3.154728934169e-02
3.301121826172e+02 -3.304146602750e-02
3.301112060547e+02 -2.124139107764e-02
3.301102294922e+02 -2.302474901080e-02
3.301092529297e+02 -3.730877488852e-02
3.301082763672e+02 -3.294012323022e-02
3.301072998047e+02 -2.498036064208e-02
3.301063232422e+02 -4.886361956596e-02
3.301053466797e+02 -3.586776182055e-02
3.301043701172e+02 -2.065659686923e-02
3.301033935547e+02 -2.318679355085e-02
3.301024169922e+02 -3.213686868548e-02
3.301014404297e+02 -3.692538663745e-02
3.301004638672e+02 -3.893624618649e-02
3.300994873047e+02 -3.182934597135e-02
3.300985107422e+02 -1.847336441278e-02
3.300975341797e+02 -2.317325025797e-02
3.300965576172e+02 -4.311497136950e-02
3.300955810547e+02 -4.539408534765e-02
3.300946044922e+02 -4.289048910141e-02
3.300936279297e+02 -4.654210805893e-02
3.300926513672e+02 -4.391292482615e-02
3.300916748047e+02 -3.890074044466e-02
3.300906982422e+02 -2.961111441255e-02
3.300897216797e+02 -2.301032282412e-02
3.300887451172e+02 -4.226795211434e-02
3.300877685547e+02 -4.248392581940e-02
3.300867919922e+02 -2.862253412604e-02
3.300858154297e+02 -4.109708592296e-02
3.300848388672e+02 -4.541361331940e-02
3.300838623047e+02 -3.141792491078e-02
3.300828857422e+02 -2.080559730530e-02
3.300819091797e+02 -1.921873725951e-02
3.300809326172e+02 -4.270768165588e-02
3.300799560547e+02 -4.202790185809e-02
3.300789794922e+02 -2.342025935650e-02
3.300780029297e+02 -2.038784883916e-02
3.300770263672e+02 -2.615476027131e-02
3.300760498047e+02 -1.395536307245e-02
3.300750732422e+02 -2.642827481031e-02
3.300740966797e+02 -3.475515916944e-02
3.300731201172e+02 -2.204789221287e-02
3.300721435547e+02 -2.184269577265e-02
3.300711669922e+02 -2.318004146218e-02
3.300701904297e+02 -1.556654926389e-02
3.300692138672e+02 -3.164193406701e-02
3.300682373047e+02 -3.028817661107e-02
3.300672607422e+02 -2.910089306533e-02
3.300662841797e+02 -1.333187613636e-02
3.300653076172e+02 -2.288649976254e-02
3.300643310547e+02 -5.966171994805e-02
3.300633544922e+02 -5.817142128944e-02
3.300623779297e+02 -3.220035135746e-02
3.300614013672e+02 -4.378844425082e-02
3.300604248047e+02 -2.953537926078e-02
3.300594482422e+02 -4.184327647090e-02
3.300584716797e+02 -3.512758389115e-02
3.300574951172e+02 -1.965840347111e-02
3.300565185547e+02 -1.922999881208e-02
3.300555419922e+02 -2.968416549265e-02
3.300545654297e+02 -4.098127409816e-02
3.300535888672e+02 -3.009843640029e-02
3.300526123047e+02 -2.525750175118e-02
3.300516357422e+02 -4.291709139943e-02
3.300506591797e+02 -3.182186558843e-02
3.300496826172e+02 -5.702465772629e-02
3.300487365723e+02 -2.603609114885e-02
3.300477600098e+02 -5.593802779913e-03
3.300467834473e+02 -1.770646497607e-02
3.300458068848e+02 -2.257031947374e-02
3.300448303223e+02 -7.215890567750e-03
3.300438537598e+02 -1.396816782653e-02
3.300428771973e+02 -1.172391977161e-02
3.300419006348e+02 -1.019448321313e-02
3.300409240723e+02 -1.106436923146e-02
3.300399475098e+02 -3.980486840010e-02
3.300389709473e+02 -3.546345978975e-02
3.300379943848e+02 -2.933035045862e-02
3.300370178223e+02 -3.582616150379e-02
3.300360412598e+02 -9.058507159352e-03
3.300350646973e+02 -2.669028565288e-02
3.300340881348e+02 -4.233189672232e-02
3.300331115723e+02 -4.329706728458e-02
3.300321350098e+02 -1.419381517917e-02
3.300311584473e+02 -1.332356128842e-02
3.300301818848e+02 -3.613819554448e-02
3.300292053223e+02 -4.648131877184e-02
3.300282287598e+02 -3.861992061138e-02
3.300272521973e+02 -4.247126355767e-02
3.300262756348e+02 -5.485272035003e-02
3.300252990723e+02 -2.453907579184e-02
3.300243225098e+02 -2.443323656917e-02
3.300233459473e+02 -3.352393954992e-02
3.300223693848e+02 -3.773557767272e-02
3.300213928223e+02 -3.568953648210e-02
3.300204162598e+02 -3.615206480026e-02
3.300194396973e+02 0.000000000000e+00
3.300184631348e+02 0.000000000000e+00
