#title: Spectral profile - WHyaB7_spw3.clean.image-raster
#region (world): Ellipse[[13:49:01.941, -28d22m04.727], [13:49:01.922, -28d22m04.477]]
#region (pixel): Ellipse[[229, 221], [279, 271]]
#coordinate: world
#xLabel: frequency [GHz]
#yLabel: [Jy] Flux Density

# WHyaB7_spw3.clean.image-raster
3.337823181152e+02 -5.135478451848e-02
3.337813415527e+02 -4.249963909388e-02
3.337803649902e+02 -4.516911879182e-02
3.337793884277e+02 -4.182067513466e-02
3.337784118652e+02 -3.139396756887e-02
3.337774353027e+02 -3.897743299603e-02
3.337764587402e+02 -2.984212152660e-02
3.337754821777e+02 -6.918514613062e-03
3.337745056152e+02 -1.740427501500e-02
3.337735290527e+02 -1.361460145563e-02
3.337725524902e+02 -1.329887099564e-02
3.337715759277e+02 -1.276046317071e-02
3.337705993652e+02 -1.984329149127e-02
3.337696228027e+02 -2.910089306533e-02
3.337686462402e+02 -3.381482884288e-02
3.337676696777e+02 -1.764332689345e-02
3.337666931152e+02 -8.688928559422e-03
3.337657165527e+02 -7.757687941194e-03
3.337647399902e+02 -2.156804129481e-02
3.337637634277e+02 -6.155921146274e-03
3.337627868652e+02 -1.535060815513e-02
3.337618103027e+02 -2.188430167735e-02
3.337608337402e+02 -1.565258949995e-02
3.337598571777e+02 -2.837777510285e-02
3.337588806152e+02 -2.497172541916e-02
3.337579040527e+02 -1.549647655338e-02
3.337569274902e+02 -2.190663479269e-02
3.337559509277e+02 -2.930482290685e-02
3.337549743652e+02 -1.629718020558e-02
3.337539978027e+02 -1.761177927256e-02
3.337530212402e+02 -1.919250376523e-02
3.337520446777e+02 -2.620204351842e-02
3.337510681152e+02 -1.117597613484e-02
3.337500915527e+02 -1.184441894293e-02
3.337491149902e+02 -1.082012336701e-02
3.337481384277e+02 -1.736284792423e-02
3.337471618652e+02 -2.054774202406e-02
3.337461853027e+02 -1.904017105699e-02
3.337452087402e+02 -1.428772788495e-02
3.337442321777e+02 -1.035242155194e-02
3.337432556152e+02 -2.145040407777e-02
3.337422790527e+02 -2.294524013996e-02
3.337413024902e+02 -9.398257359862e-03
3.337403259277e+02 -1.195380813442e-03
3.337393493652e+02 -1.792120398022e-03
3.337383728027e+02 -4.029709845781e-03
3.337373962402e+02 -1.505426224321e-02
3.337364196777e+02 -2.022136189044e-02
3.337354431152e+02 -1.483113970608e-02
3.337344665527e+02 1.891619153321e-02
3.337334899902e+02 1.876657269895e-02
3.337325134277e+02 1.163691398688e-03
3.337315368652e+02 2.509586326778e-02
3.337305603027e+02 3.862831369042e-02
3.337295837402e+02 4.750902950764e-02
3.337286071777e+02 3.411047533154e-02
3.337276306152e+02 2.206504344940e-02
3.337266540527e+02 1.967068202794e-02
3.337256774902e+02 1.928165182471e-02
3.337247009277e+02 1.001536939293e-02
3.337237243652e+02 2.314151264727e-03
3.337227478027e+02 7.556152995676e-03
3.337217712402e+02 -1.494125579484e-03
3.337207946777e+02 -1.016046572477e-02
3.337198181152e+02 -1.713129505515e-02
3.337188415527e+02 -1.988494023681e-02
3.337178649902e+02 -2.823190949857e-02
3.337168884277e+02 -3.383274748921e-02
3.337159118652e+02 -2.727917209268e-02
3.337149353027e+02 -1.944983191788e-02
3.337139587402e+02 -2.709570527077e-02
3.337129821777e+02 -2.436191588640e-02
3.337120056152e+02 -2.300552651286e-02
3.337110290527e+02 -2.138968743384e-02
3.337100524902e+02 -4.833225160837e-03
3.337090759277e+02 -1.863808557391e-02
3.337080993652e+02 -2.039452828467e-02
3.337071228027e+02 -2.742785774171e-02
3.337061462402e+02 -3.820984438062e-02
3.337051696777e+02 -3.474654629827e-02
3.337041931152e+02 -2.282019704580e-02
3.337032165527e+02 -1.659358106554e-02
3.337022399902e+02 -1.686334796250e-02
3.337012634277e+02 -2.296690456569e-02
3.337002868652e+02 -2.372528612614e-02
3.336993103027e+02 -2.058428525925e-02
3.336983337402e+02 -1.191542018205e-02
3.336973571777e+02 -6.201528944075e-03
3.336963806152e+02 -4.783051554114e-03
3.336954040527e+02 -2.021926641464e-02
3.336944274902e+02 -1.571695506573e-02
3.336934509277e+02 -1.621667295694e-02
3.336924743652e+02 -3.818286210299e-02
3.336914978027e+02 -3.779401630163e-02
3.336905212402e+02 -1.048874668777e-02
3.336895446777e+02 -1.538249570876e-02
3.336885681152e+02 -2.957375347614e-02
3.336875915527e+02 -1.768885552883e-02
3.336866149902e+02 -2.345851436257e-02
3.336856384277e+02 -2.584158815444e-02
3.336846618652e+02 -2.156060747802e-02
3.336836853027e+02 -2.809655107558e-02
3.336827087402e+02 -1.534463744611e-02
3.336817321777e+02 -2.878673747182e-02
3.336807556152e+02 -4.255276918411e-02
3.336797790527e+02 -3.455926850438e-02
3.336788024902e+02 -3.065390512347e-02
3.336778259277e+02 -1.893900148571e-02
3.336768493652e+02 -2.106206491590e-02
3.336758728027e+02 -1.212925836444e-02
3.336749267578e+02 -3.176560625434e-02
3.336739501953e+02 -3.039839677513e-02
3.336729736328e+02 -2.917021140456e-02
3.336719970703e+02 -2.359194681048e-02
3.336710205078e+02 -2.014813572168e-02
3.336700439453e+02 -2.529946155846e-02
3.336690673828e+02 -2.563752792776e-02
3.336680908203e+02 -3.825334087014e-02
3.336671142578e+02 -3.581941127777e-02
3.336661376953e+02 -1.765653677285e-02
3.336651611328e+02 -2.820775657892e-02
3.336641845703e+02 -1.829629018903e-02
3.336632080078e+02 -3.510395437479e-02
3.336622314453e+02 -2.153844013810e-02
3.336612548828e+02 -2.566446177661e-02
3.336602783203e+02 -3.232429176569e-02
3.336593017578e+02 -3.515022993088e-02
3.336583251953e+02 -3.354148939252e-02
3.336573486328e+02 -3.926349803805e-02
3.336563720703e+02 -2.676840499043e-02
3.336553955078e+02 -2.140270359814e-02
3.336544189453e+02 -2.145400643349e-02
3.336534423828e+02 -3.032700344920e-02
3.336524658203e+02 -2.932802587748e-02
3.336514892578e+02 -1.289793848991e-02
3.336505126953e+02 -5.704700481147e-03
3.336495361328e+02 -1.290112361312e-02
3.336485595703e+02 -1.122647523880e-02
3.336475830078e+02 -9.821888059378e-03
3.336466064453e+02 -1.563210040331e-02
3.336456298828e+02 -1.960239745677e-02
3.336446533203e+02 -2.555859647691e-02
3.336436767578e+02 -2.507553994656e-02
3.336427001953e+02 -2.609546668828e-02
3.336417236328e+02 -8.815860375762e-03
3.336407470703e+02 1.648452947848e-03
3.336397705078e+02 -4.353946540505e-03
3.336387939453e+02 6.695738411509e-04
3.336378173828e+02 7.362533826381e-03
3.336368408203e+02 1.547565800138e-03
3.336358642578e+02 -3.037254558876e-03
3.336348876953e+02 1.059085410088e-02
3.336339111328e+02 -1.139756850898e-02
3.336329345703e+02 -2.533920854330e-02
3.336319580078e+02 -2.511875517666e-02
3.336309814453e+02 -2.837629429996e-02
3.336300048828e+02 -2.541971765459e-02
3.336290283203e+02 -2.731135115027e-02
3.336280517578e+02 -1.947225257754e-02
3.336270751953e+02 -2.857614122331e-02
3.336260986328e+02 -2.168626897037e-02
3.336251220703e+02 -3.794307634234e-02
3.336241455078e+02 -2.355347014964e-02
3.336231689453e+02 -2.990105561912e-02
3.336221923828e+02 -2.405430935323e-02
3.336212158203e+02 -1.773915626109e-02
3.336202392578e+02 -2.052583545446e-02
3.336192626953e+02 -2.198241278529e-02
3.336182861328e+02 -1.490843016654e-02
3.336173095703e+02 -1.882041804492e-02
3.336163330078e+02 -1.948383636773e-02
3.336153564453e+02 -2.288550883532e-02
3.336143798828e+02 -1.930345781147e-02
3.336134033203e+02 -2.434151619673e-02
3.336124267578e+02 -1.628075353801e-02
3.336114501953e+02 -1.737870648503e-02
3.336104736328e+02 -1.522038038820e-02
3.336094970703e+02 -8.807646110654e-03
3.336085205078e+02 -2.261978946626e-02
3.336075439453e+02 -8.948298171163e-03
3.336065673828e+02 -1.813028194010e-02
3.336055908203e+02 -1.696915365756e-02
3.336046142578e+02 -1.551465038210e-02
3.336036376953e+02 -1.095659006387e-02
3.336026611328e+02 -1.986924186349e-02
3.336016845703e+02 -1.999554969370e-02
3.336007080078e+02 -2.305380254984e-02
3.335997314453e+02 -2.543137595057e-02
3.335987548828e+02 -2.431682124734e-02
3.335977783203e+02 -1.904965192080e-02
3.335968017578e+02 -2.958627045155e-02
3.335958251953e+02 -2.643182687461e-02
3.335948486328e+02 -2.521293424070e-02
3.335938720703e+02 -2.712768688798e-02
3.335928955078e+02 -4.080269858241e-02
3.335919189453e+02 -3.272128477693e-02
3.335909423828e+02 -2.264075353742e-02
3.335899658203e+02 -2.021252177656e-02
3.335889892578e+02 -2.778110466897e-02
3.335880126953e+02 -2.081596851349e-02
3.335870361328e+02 -1.448933035135e-02
3.335860595703e+02 -1.641135849059e-02
3.335850830078e+02 5.392577964813e-03
3.335841064453e+02 1.405594032258e-02
3.335831298828e+02 2.443806151859e-04
3.335821533203e+02 -3.516105469316e-03
3.335811767578e+02 -2.478040754795e-03
3.335802001953e+02 -1.889319717884e-02
3.335792236328e+02 -2.832848578691e-02
3.335782470703e+02 -2.527951635420e-02
3.335772705078e+02 -3.628578409553e-02
3.335762939453e+02 -3.105904348195e-02
3.335753173828e+02 -3.561035916209e-02
3.335743408203e+02 -2.971893548965e-02
3.335733642578e+02 -2.200279384851e-02
3.335723876953e+02 -2.809295989573e-02
3.335714111328e+02 -3.598958626390e-02
3.335704345703e+02 -3.790456801653e-02
3.335694580078e+02 -2.712876163423e-02
3.335684814453e+02 -2.538065053523e-02
3.335675048828e+02 -1.917782612145e-02
3.335665283203e+02 -2.777313999832e-02
3.335655517578e+02 -2.803959883749e-02
3.335645751953e+02 -2.960206195712e-02
3.335635986328e+02 -2.133963815868e-02
3.335626220703e+02 -2.658701874316e-02
3.335616455078e+02 -2.441756799817e-02
3.335606689453e+02 -1.986219920218e-02
3.335596923828e+02 -2.665085531771e-02
3.335587158203e+02 -2.261981554329e-02
3.335577392578e+02 -2.971004880965e-02
3.335567626953e+02 -2.230149134994e-02
3.335557861328e+02 -2.656459994614e-02
3.335548095703e+02 -3.284810855985e-02
3.335538330078e+02 -3.365072980523e-02
3.335528564453e+02 -1.973106712103e-02
3.335518798828e+02 -2.888381481171e-02
3.335509033203e+02 -3.789297118783e-02
3.335499267578e+02 -3.988882899284e-02
3.335489501953e+02 -3.600760176778e-02
3.335479736328e+02 -2.450421452522e-02
3.335469970703e+02 -2.455648779869e-02
3.335460205078e+02 -2.498834207654e-02
3.335450439453e+02 -3.153066709638e-02
3.335440673828e+02 -2.394229546189e-02
3.335430908203e+02 -3.006762079895e-02
3.335421142578e+02 -2.554951421916e-02
3.335411376953e+02 -2.774604782462e-02
3.335401611328e+02 -2.179395966232e-02
3.335391845703e+02 -2.424388751388e-02
3.335382080078e+02 -1.813418418169e-02
3.335372314453e+02 -2.064174786210e-02
3.335362548828e+02 -3.663510456681e-02
3.335352783203e+02 -2.443395368755e-02
3.335343017578e+02 -2.357347123325e-02
3.335333251953e+02 -2.922512404621e-02
3.335323486328e+02 -3.418876603246e-02
3.335313720703e+02 -3.164393454790e-02
3.335303955078e+02 -1.819503493607e-02
3.335294189453e+02 -1.704251393676e-02
3.335284423828e+02 -1.755190826952e-02
3.335274658203e+02 -1.403097901493e-02
3.335264892578e+02 -1.343352999538e-02
3.335255126953e+02 -2.088301070035e-02
3.335245361328e+02 -3.412872180343e-02
3.335235595703e+02 -2.508436143398e-02
3.335225830078e+02 -2.401492185891e-02
3.335216064453e+02 -1.587050221860e-02
3.335206298828e+02 -1.876497454941e-02
3.335196533203e+02 -1.819831505418e-02
3.335186767578e+02 -2.192926220596e-02
3.335177001953e+02 -2.017705515027e-02
3.335167236328e+02 -1.423886138946e-02
3.335157470703e+02 -2.597460523248e-02
3.335147705078e+02 -2.714489400387e-02
3.335137939453e+02 -1.384817995131e-02
3.335128173828e+02 -2.575465478003e-02
3.335118408203e+02 -2.869588322937e-02
3.335108642578e+02 -7.873089052737e-03
3.335098876953e+02 -1.894844323397e-02
3.335089111328e+02 -3.165441378951e-02
3.335079345703e+02 -2.568683959544e-02
3.335069580078e+02 -3.194641694427e-02
3.335059814453e+02 -3.161625191569e-02
3.335050048828e+02 -1.688162982464e-02
3.335040283203e+02 -2.833671681583e-02
3.335030517578e+02 -2.962755784392e-02
3.335020751953e+02 -2.256087958813e-02
3.335010986328e+02 -3.101966343820e-02
3.335001220703e+02 -4.104280099273e-02
3.334991455078e+02 -2.114149555564e-02
3.334981689453e+02 -2.276232838631e-02
3.334971923828e+02 -2.134738862514e-02
3.334962158203e+02 -3.177672252059e-02
3.334952392578e+02 -1.713561825454e-02
3.334942626953e+02 -1.808872073889e-02
3.334932861328e+02 -1.356799900532e-02
3.334923095703e+02 -1.857890747488e-02
3.334913330078e+02 -2.743820846081e-02
3.334903564453e+02 -2.461369521916e-02
3.334893798828e+02 -6.699351593852e-03
3.334884033203e+02 -3.399927169085e-02
3.334874267578e+02 -3.711639717221e-02
3.334864501953e+02 -3.021832741797e-02
3.334854736328e+02 -2.602946013212e-02
3.334844970703e+02 -2.684488717932e-04
3.334835205078e+02 2.080451883376e-02
3.334825439453e+02 4.858506098390e-02
3.334815673828e+02 7.902659475803e-02
3.334805908203e+02 1.018378362060e-01
3.334796142578e+02 1.357148438692e-01
3.334786376953e+02 1.835037767887e-01
3.334776611328e+02 2.240539640188e-01
3.334766845703e+02 2.489138841629e-01
3.334757080078e+02 2.565035223961e-01
3.334747314453e+02 2.347364127636e-01
3.334737548828e+02 2.009789198637e-01
3.334727783203e+02 1.416542679071e-01
3.334718017578e+02 8.744882047176e-02
3.334708251953e+02 3.254236280918e-02
3.334698486328e+02 -4.411161690950e-02
3.334688720703e+02 -9.181714802980e-02
3.334678955078e+02 -1.228298991919e-01
3.334669189453e+02 -1.609493046999e-01
3.334659423828e+02 -1.984080821276e-01
3.334649658203e+02 -2.309918105602e-01
3.334639892578e+02 -2.377572655678e-01
3.334630126953e+02 -2.233211696148e-01
3.334620361328e+02 -1.985881179571e-01
3.334610595703e+02 -1.619915813208e-01
3.334600830078e+02 -1.591288745403e-01
3.334591064453e+02 -1.382097899914e-01
3.334581298828e+02 -1.156932637095e-01
3.334571533203e+02 -9.185069799423e-02
3.334561767578e+02 -7.012148201466e-02
3.334552001953e+02 -4.724939540029e-02
3.334542236328e+02 -2.747963927686e-02
3.334532470703e+02 -2.864619530737e-02
3.334522705078e+02 -2.890588156879e-02
3.334512939453e+02 -2.234579809010e-02
3.334503173828e+02 -1.973599568009e-02
3.334493408203e+02 -2.576358616352e-02
3.334483642578e+02 -2.410362474620e-02
3.334473876953e+02 -1.938084140420e-02
3.334464111328e+02 -3.588957712054e-02
3.334454345703e+02 -3.593598678708e-02
3.334444580078e+02 -3.763725236058e-02
3.334434814453e+02 -2.991612628102e-02
3.334425048828e+02 -3.810827620327e-03
3.334415283203e+02 -1.045613363385e-02
3.334405517578e+02 -1.498235762119e-02
3.334395751953e+02 -1.870096847415e-02
3.334385986328e+02 -2.335880510509e-02
3.334376220703e+02 -2.416336350143e-02
3.334366455078e+02 -3.826815634966e-02
3.334356689453e+02 -3.064028732479e-02
3.334346923828e+02 -2.618638798594e-02
3.334337158203e+02 -1.614991575480e-02
3.334327392578e+02 -1.431511994451e-02
3.334317626953e+02 -2.868490666151e-02
3.334307861328e+02 -1.926916092634e-02
3.334298095703e+02 -4.153728112578e-02
3.334288330078e+02 -3.242793306708e-02
3.334278564453e+02 -2.193761058152e-02
3.334268798828e+02 -1.515200827271e-02
3.334259033203e+02 -2.604249119759e-02
3.334249267578e+02 -1.891388744116e-02
3.334239501953e+02 -2.598604001105e-02
3.334229736328e+02 -2.873068116605e-02
3.334219970703e+02 -1.686069741845e-02
3.334210205078e+02 -2.755615115166e-02
3.334200439453e+02 -2.704446576536e-02
3.334190673828e+02 -2.343083359301e-02
3.334180908203e+02 -2.939699217677e-02
3.334171142578e+02 -2.308906614780e-02
3.334161376953e+02 -1.914569176733e-02
3.334151611328e+02 -1.453330833465e-02
3.334141845703e+02 -1.225688774139e-02
3.334132080078e+02 -1.985856331885e-02
3.334122314453e+02 -4.455030709505e-02
3.334112548828e+02 -4.081711173058e-02
3.334102783203e+02 -3.176111355424e-02
3.334093017578e+02 -3.093128651381e-02
3.334083251953e+02 -2.971825748682e-02
3.334073486328e+02 -1.773274689913e-02
3.334063720703e+02 -2.324898913503e-02
3.334053955078e+02 -2.227163128555e-02
3.334044189453e+02 -2.070097066462e-02
3.334034423828e+02 -1.500077079982e-02
3.334024658203e+02 -2.987413294613e-02
3.334014892578e+02 -2.900811471045e-02
3.334005126953e+02 -3.456867858768e-02
3.333995361328e+02 -2.884114161134e-02
3.333985595703e+02 -1.867357641459e-02
3.333975830078e+02 -3.844850510359e-02
3.333966064453e+02 -2.647224441171e-02
3.333956298828e+02 -2.009281888604e-02
3.333946533203e+02 -2.328346669674e-02
3.333936767578e+02 -2.732574008405e-02
3.333927001953e+02 -1.488773804158e-02
3.333917236328e+02 -2.255336381495e-02
3.333907470703e+02 -1.659556105733e-02
3.333897705078e+02 -2.194860018790e-02
3.333887939453e+02 -2.860481292009e-02
3.333878173828e+02 -1.211217418313e-02
3.333868408203e+02 -1.829628832638e-02
3.333858642578e+02 -2.961934730411e-02
3.333848876953e+02 -2.000362798572e-02
3.333839111328e+02 -2.418369613588e-02
3.333829345703e+02 -2.913424000144e-02
3.333819580078e+02 -2.882102131844e-02
3.333809814453e+02 -3.754983469844e-02
3.333800048828e+02 -2.910008840263e-02
3.333790283203e+02 -3.033600375056e-02
3.333780517578e+02 -2.124275453389e-02
3.333770751953e+02 -2.185098454356e-02
3.333760986328e+02 -3.066790476441e-02
3.333751220703e+02 -3.363894671202e-02
3.333741455078e+02 -7.097652181983e-03
3.333731689453e+02 -4.022116307169e-03
3.333721923828e+02 -1.171885337681e-02
3.333712158203e+02 -4.957525525242e-03
3.333702392578e+02 4.626282898244e-04
3.333692626953e+02 -1.250739209354e-02
3.333682861328e+02 -1.673979870975e-02
3.333673095703e+02 -1.143883541226e-02
3.333663330078e+02 -1.147758867592e-02
3.333653564453e+02 -1.495822705328e-02
3.333643798828e+02 -1.062495721271e-04
3.333634033203e+02 -1.574953272939e-02
3.333624267578e+02 -9.494288824499e-03
3.333614501953e+02 -5.824485328048e-03
3.333604736328e+02 6.605811649933e-04
3.333594970703e+02 -2.438991097733e-03
3.333585205078e+02 -1.235252432525e-02
3.333575439453e+02 -1.484331861138e-02
3.333565673828e+02 -1.882263273001e-02
3.333555908203e+02 -1.444154046476e-02
3.333546142578e+02 -2.583535015583e-02
3.333536376953e+02 -2.729886397719e-02
3.333526611328e+02 -2.279282547534e-02
3.333516845703e+02 -2.410714328289e-02
3.333507080078e+02 -2.789146453142e-02
3.333497314453e+02 -2.369268611073e-02
3.333487548828e+02 -3.171820193529e-02
3.333477783203e+02 -2.821347489953e-02
3.333468017578e+02 -1.914583891630e-02
3.333458251953e+02 -2.138897590339e-02
3.333448486328e+02 -2.214996330440e-02
3.333438720703e+02 -3.202988533303e-03
3.333428955078e+02 8.805264718831e-03
3.333419189453e+02 -1.514037232846e-02
3.333409423828e+02 -1.040573511273e-02
3.333399658203e+02 -1.426575705409e-02
3.333389892578e+02 -2.448642812669e-02
3.333380126953e+02 -1.167567819357e-02
3.333370361328e+02 -1.501870807260e-02
3.333360595703e+02 -3.422071458772e-03
3.333350830078e+02 -1.833725906909e-02
3.333341064453e+02 -3.151395916939e-02
3.333331298828e+02 -3.109200857580e-02
3.333321533203e+02 -2.758577466011e-02
3.333311767578e+02 -1.442285161465e-02
3.333302001953e+02 -1.576600223780e-02
3.333292236328e+02 7.821205072105e-04
3.333282470703e+02 8.242349140346e-03
3.333272705078e+02 5.437238141894e-03
3.333262939453e+02 1.057727634907e-02
3.333253173828e+02 2.228584140539e-02
3.333243408203e+02 3.177026286721e-02
3.333233642578e+02 3.658124804497e-02
3.333223876953e+02 3.762600943446e-02
3.333214111328e+02 4.085245355964e-02
3.333204345703e+02 4.880350083113e-02
3.333194580078e+02 7.154591381550e-02
3.333184814453e+02 7.282594591379e-02
3.333175048828e+02 5.810358375311e-02
3.333165283203e+02 6.888656318188e-02
3.333155517578e+02 5.000312253833e-02
3.333145751953e+02 4.412203654647e-02
3.333135986328e+02 5.072930827737e-02
3.333126220703e+02 3.819366917014e-02
3.333116455078e+02 4.064878076315e-02
3.333106689453e+02 2.866623736918e-02
3.333096923828e+02 1.252166833729e-02
3.333087158203e+02 8.005185984075e-03
3.333077392578e+02 1.331295352429e-02
3.333067626953e+02 7.217842619866e-03
3.333057861328e+02 2.466929843649e-03
3.333048095703e+02 2.714278409258e-03
3.333038330078e+02 4.934082739055e-03
3.333028564453e+02 3.346145385876e-03
3.333018798828e+02 -3.159862942994e-03
3.333009033203e+02 7.243243511766e-03
3.332999267578e+02 -4.695914220065e-03
3.332989501953e+02 -1.815985515714e-02
3.332979736328e+02 -2.600794285536e-02
3.332969970703e+02 -1.180284749717e-02
3.332960205078e+02 -2.007908001542e-02
3.332950439453e+02 -1.920074597001e-02
3.332940673828e+02 -8.598846383393e-03
3.332930908203e+02 -8.003571070731e-03
3.332921142578e+02 -1.138337701559e-02
3.332911376953e+02 -2.230986952782e-02
3.332901611328e+02 -3.365536406636e-02
3.332891845703e+02 -3.224373608828e-02
3.332882080078e+02 -3.500627353787e-02
3.332872314453e+02 -3.106058947742e-02
3.332862548828e+02 -2.753024175763e-02
3.332852783203e+02 -3.676195442677e-02
3.332843017578e+02 -2.264702506363e-02
3.332833251953e+02 -1.896672323346e-02
3.332823486328e+02 -2.452706731856e-02
3.332813720703e+02 -2.582948654890e-02
3.332803955078e+02 -1.282017119229e-02
3.332794189453e+02 -2.689418755472e-02
3.332784423828e+02 -3.802320361137e-02
3.332774658203e+02 -3.206855058670e-02
3.332764892578e+02 -1.130311749876e-02
3.332755126953e+02 -1.132376142778e-03
3.332745361328e+02 -2.853156626225e-02
3.332735595703e+02 -3.509892523289e-02
3.332725830078e+02 -3.288542106748e-02
3.332716064453e+02 -3.076729178429e-02
3.332706298828e+02 -3.488740697503e-02
3.332696533203e+02 -3.529826551676e-02
3.332686767578e+02 -2.047960460186e-02
3.332677001953e+02 -2.497112751007e-02
3.332667236328e+02 -2.404155582190e-02
3.332657470703e+02 -2.651433832943e-02
3.332647705078e+02 -2.028158120811e-02
3.332637939453e+02 -1.999256387353e-02
3.332628173828e+02 -2.054503560066e-02
3.332618408203e+02 -2.834062092006e-02
3.332608642578e+02 -1.892308704555e-02
3.332598876953e+02 -2.538432739675e-02
3.332589111328e+02 -3.046955727041e-02
3.332579345703e+02 -4.436459764838e-02
3.332569580078e+02 -2.251391112804e-02
3.332559814453e+02 -2.139098383486e-02
3.332550048828e+02 -2.103669755161e-02
3.332540283203e+02 -1.379063539207e-02
3.332530517578e+02 -2.222090400755e-02
3.332520751953e+02 -2.050821296871e-02
3.332510986328e+02 -2.838756516576e-02
3.332501220703e+02 -3.011555038393e-02
3.332491455078e+02 -2.268900722265e-02
3.332481689453e+02 -2.124629542232e-02
3.332471923828e+02 -2.436055988073e-02
3.332462158203e+02 -1.995378732681e-02
3.332452392578e+02 -2.250317856669e-02
3.332442626953e+02 -2.068054303527e-02
3.332432861328e+02 -1.989354565740e-02
3.332423095703e+02 -2.715031616390e-02
3.332413330078e+02 -3.107218258083e-02
3.332403564453e+02 -2.438565529883e-02
3.332393798828e+02 -2.959751151502e-02
3.332384033203e+02 -3.165851533413e-02
3.332374267578e+02 -7.959858514369e-03
3.332364501953e+02 -1.170180458575e-02
3.332354736328e+02 -2.005721256137e-02
3.332344970703e+02 -1.495508104563e-02
3.332335205078e+02 -2.971828170121e-02
3.332325439453e+02 -2.790925279260e-02
3.332315673828e+02 -3.808161616325e-02
3.332305908203e+02 -3.414398431778e-02
3.332296142578e+02 -3.193907439709e-02
3.332286376953e+02 -2.454444393516e-02
3.332276611328e+02 -2.229192852974e-02
3.332266845703e+02 -3.162740170956e-02
3.332257080078e+02 -4.064055532217e-02
3.332247314453e+02 -4.035389795899e-02
3.332237548828e+02 -3.143940493464e-02
3.332227783203e+02 -2.847388200462e-02
3.332218017578e+02 -2.695577777922e-02
3.332208251953e+02 -2.356689237058e-02
3.332198486328e+02 -2.371488139033e-02
3.332188720703e+02 -3.019243478775e-02
3.332178955078e+02 -3.493272140622e-02
3.332169189453e+02 -1.884746551514e-02
3.332159423828e+02 -2.367408387363e-02
3.332149658203e+02 -2.149719931185e-02
3.332139892578e+02 -2.344671078026e-02
3.332130126953e+02 -2.318029850721e-02
3.332120361328e+02 -2.881708554924e-02
3.332110595703e+02 -2.574894763529e-02
3.332100830078e+02 -1.518713124096e-02
3.332091064453e+02 -1.835163868964e-02
3.332081298828e+02 -3.038281202316e-02
3.332071533203e+02 -2.519170567393e-02
3.332061767578e+02 -3.349409624934e-02
3.332052001953e+02 -3.126484528184e-02
3.332042236328e+02 -2.137853205204e-02
3.332032470703e+02 -1.068025920540e-02
3.332022705078e+02 -2.002049610019e-02
3.332012939453e+02 -3.726821392775e-02
3.332003173828e+02 -2.528874576092e-02
3.331993408203e+02 -2.398388274014e-02
3.331983642578e+02 -1.508232858032e-02
3.331973876953e+02 -1.745868287981e-02
3.331964111328e+02 -7.911649532616e-03
3.331954345703e+02 -1.982837729156e-02
3.331944580078e+02 -1.437482330948e-02
3.331934814453e+02 -3.133995085955e-02
3.331925048828e+02 -2.486990951002e-02
3.331915283203e+02 -4.140284378082e-03
3.331905517578e+02 3.051792969927e-03
3.331895751953e+02 -1.626473106444e-02
3.331885986328e+02 -1.030304282904e-02
3.331876220703e+02 -2.495105937123e-02
3.331866455078e+02 -1.721183396876e-02
3.331856689453e+02 -2.536497823894e-02
3.331846923828e+02 -2.213692106307e-02
3.331837158203e+02 -2.508625015616e-02
3.331827392578e+02 -9.604266844690e-03
3.331817626953e+02 -1.001235470176e-02
3.331807861328e+02 -1.983887143433e-02
3.331798095703e+02 -2.502153068781e-02
3.331788330078e+02 -2.385296300054e-02
3.331778564453e+02 -2.481033466756e-02
3.331768798828e+02 -1.494571380317e-02
3.331759033203e+02 -2.852674573660e-02
3.331749267578e+02 -3.130181133747e-02
3.331739501953e+02 -2.091932669282e-02
3.331729736328e+02 -7.591240108013e-03
3.331719970703e+02 -1.818903535604e-02
3.331710205078e+02 -2.289520762861e-02
3.331700439453e+02 -2.185655385256e-02
3.331690673828e+02 -1.512871310115e-02
3.331680908203e+02 -9.865472093225e-03
3.331671142578e+02 -1.952832937241e-02
3.331661376953e+02 -1.189660653472e-02
3.331651611328e+02 -2.707472443581e-02
3.331641845703e+02 -1.952369697392e-02
3.331632080078e+02 -1.676224172115e-02
3.331622314453e+02 -2.281761728227e-02
3.331612548828e+02 -1.993107981980e-02
3.331602783203e+02 -2.776654064655e-02
3.331593017578e+02 -3.483398258686e-02
3.331583251953e+02 -1.759688369930e-02
3.331573486328e+02 -2.453789860010e-02
3.331563720703e+02 -2.171001024544e-02
3.331553955078e+02 -1.997723057866e-02
3.331544189453e+02 -1.352710369974e-02
3.331534423828e+02 -2.230712585151e-02
3.331524658203e+02 -1.910440251231e-02
3.331514892578e+02 -2.120495960116e-02
3.331505126953e+02 -1.735938340425e-02
3.331495361328e+02 -2.121601253748e-02
3.331485595703e+02 -1.721610873938e-02
3.331475830078e+02 -2.489742822945e-02
3.331466064453e+02 -3.389734402299e-02
3.331456298828e+02 -3.775523602962e-02
3.331446533203e+02 -1.226258091629e-02
3.331436767578e+02 -2.656904049218e-02
3.331427001953e+02 -2.731527015567e-02
3.331417236328e+02 -1.279289647937e-02
3.331407470703e+02 -1.890608854592e-02
3.331397705078e+02 -2.649027295411e-02
3.331387939453e+02 -2.448856085539e-02
3.331378173828e+02 -3.814703226089e-02
3.331368408203e+02 -2.991845086217e-02
3.331358642578e+02 -2.450663596392e-02
3.331348876953e+02 -2.717228606343e-02
3.331339111328e+02 -3.637442365289e-02
3.331329345703e+02 -2.357892133296e-02
3.331319580078e+02 -2.567441388965e-02
3.331309814453e+02 -2.988695912063e-02
3.331300048828e+02 -4.151921346784e-02
3.331290283203e+02 -3.166295960546e-02
3.331280517578e+02 -2.323640696704e-02
3.331270751953e+02 -3.750508278608e-02
3.331260986328e+02 -5.043061822653e-02
3.331251220703e+02 -3.482966870070e-02
3.331241455078e+02 -3.161375969648e-02
3.331231689453e+02 -4.408791661263e-02
3.331221923828e+02 -5.059370771050e-02
3.331212158203e+02 -5.687095224857e-02
3.331202392578e+02 -3.240755945444e-02
3.331192626953e+02 -2.929671853781e-02
3.331182861328e+02 -3.310552239418e-02
3.331173095703e+02 -3.859809413552e-02
3.331163330078e+02 -2.936152182519e-02
3.331153564453e+02 -2.595307119191e-02
3.331143798828e+02 -3.252819925547e-02
3.331134033203e+02 -2.791166491807e-02
3.331124267578e+02 -2.178307808936e-02
3.331114501953e+02 -7.220798172057e-03
3.331104736328e+02 -1.181208062917e-02
3.331094970703e+02 -2.296494133770e-02
3.331085205078e+02 -1.535961870104e-02
3.331075439453e+02 -2.143173292279e-02
3.331065673828e+02 -2.193969488144e-02
3.331055908203e+02 -1.854737848043e-02
3.331046142578e+02 -1.869557984173e-02
3.331036376953e+02 -1.768497377634e-02
3.331026611328e+02 -3.685571625829e-02
3.331017150879e+02 -2.472455240786e-02
3.331007385254e+02 -2.484123595059e-02
3.330997619629e+02 -2.563588321209e-02
3.330987854004e+02 -2.176755107939e-02
3.330978088379e+02 -1.817857474089e-02
3.330968322754e+02 -2.269256301224e-02
3.330958557129e+02 -2.560657635331e-02
3.330948791504e+02 -1.883362233639e-02
3.330939025879e+02 -2.514189295471e-02
3.330929260254e+02 -2.554735355079e-02
3.330919494629e+02 -2.108815684915e-02
3.330909729004e+02 -3.123755566776e-02
3.330899963379e+02 -2.955722063780e-02
3.330890197754e+02 -4.057043045759e-02
3.330880432129e+02 -2.976477704942e-02
3.330870666504e+02 -3.220945969224e-02
3.330860900879e+02 -3.657053411007e-02
3.330851135254e+02 -1.897573284805e-02
3.330841369629e+02 -1.609003730118e-02
3.330831604004e+02 -2.973841316998e-02
3.330821838379e+02 -1.524780318141e-02
3.330812072754e+02 -8.117961697280e-03
3.330802307129e+02 -1.872402243316e-02
3.330792541504e+02 -1.614260114729e-02
3.330782775879e+02 -1.265579368919e-02
3.330773010254e+02 -1.780745014548e-02
3.330763244629e+02 -1.963329501450e-02
3.330753479004e+02 -1.613254472613e-02
3.330743713379e+02 -3.066163137555e-02
3.330733947754e+02 -1.581617631018e-02
3.330724182129e+02 -2.091355994344e-02
3.330714416504e+02 -2.884344942868e-02
3.330704650879e+02 -3.063117340207e-02
3.330694885254e+02 -1.705750264227e-02
3.330685119629e+02 -3.844700008631e-02
3.330675354004e+02 -2.971090562642e-02
3.330665588379e+02 -2.027925103903e-02
3.330655822754e+02 -6.815437227488e-03
3.330646057129e+02 -2.735172025859e-02
3.330636291504e+02 -2.781845070422e-02
3.330626525879e+02 -1.913793571293e-02
3.330616760254e+02 -2.041263878345e-02
3.330606994629e+02 -2.111147344112e-02
3.330597229004e+02 -1.646595634520e-02
3.330587463379e+02 -9.967721998692e-03
3.330577697754e+02 -1.142624951899e-02
3.330567932129e+02 -4.950402304530e-03
3.330558166504e+02 -1.918938383460e-02
3.330548400879e+02 -3.306733444333e-02
3.330538635254e+02 -2.384164556861e-02
3.330528869629e+02 -1.743014901876e-02
3.330519104004e+02 -7.053170353174e-03
3.330509338379e+02 -1.097177620977e-02
3.330499572754e+02 -1.264307741076e-02
3.330489807129e+02 -2.082964638248e-03
3.330480041504e+02 -1.050868723541e-02
3.330470275879e+02 -1.589421927929e-02
3.330460510254e+02 -2.340013533831e-02
3.330450744629e+02 -2.013133093715e-02
3.330440979004e+02 -1.986850053072e-02
3.330431213379e+02 -2.699162065983e-02
3.330421447754e+02 -3.401523828506e-02
3.330411682129e+02 -2.823119424284e-02
3.330401916504e+02 -1.663118228316e-02
3.330392150879e+02 -2.017891220748e-02
3.330382385254e+02 -2.292549982667e-02
3.330372619629e+02 -3.187721595168e-02
3.330362854004e+02 -3.010319918394e-02
3.330353088379e+02 -3.093225881457e-02
3.330343322754e+02 -2.893756143749e-02
3.330333557129e+02 -2.183012291789e-02
3.330323791504e+02 -3.343196958303e-02
3.330314025879e+02 -3.912439942360e-02
3.330304260254e+02 -2.972758933902e-02
3.330294494629e+02 -4.891322180629e-02
3.330284729004e+02 -3.748213127255e-02
3.330274963379e+02 -2.557371743023e-02
3.330265197754e+02 -2.449053898454e-02
3.330255432129e+02 -1.166467648000e-02
3.330245666504e+02 -7.775629404932e-03
3.330235900879e+02 -2.248579636216e-02
3.330226135254e+02 -3.845683485270e-02
3.330216369629e+02 -4.312650486827e-02
3.330206604004e+02 -3.454696387053e-02
3.330196838379e+02 -2.683366276324e-02
3.330187072754e+02 -2.460555918515e-02
3.330177307129e+02 -2.983454428613e-02
3.330167541504e+02 -3.125442564487e-02
3.330157775879e+02 -3.481332585216e-02
3.330148010254e+02 -1.582914963365e-02
3.330138244629e+02 -3.661762177944e-02
3.330128479004e+02 -3.185487166047e-02
3.330118713379e+02 -3.272152319551e-02
3.330108947754e+02 -2.030838839710e-02
3.330099182129e+02 -2.220619097352e-02
3.330089416504e+02 -2.270770259202e-02
3.330079650879e+02 -2.491091564298e-02
3.330069885254e+02 -2.127928100526e-02
3.330060119629e+02 -1.089444383979e-02
3.330050354004e+02 3.612380102277e-02
3.330040588379e+02 6.803879886866e-02
3.330030822754e+02 8.673527091742e-02
3.330021057129e+02 1.405274271965e-01
3.330011291504e+02 2.375930696726e-01
3.330001525879e+02 2.959546148777e-01
3.329991760254e+02 3.150325119495e-01
3.329981994629e+02 3.315731883049e-01
3.329972229004e+02 3.072453141212e-01
3.329962463379e+02 2.328566461802e-01
3.329952697754e+02 1.792900562286e-01
3.329942932129e+02 1.268342435360e-01
3.329933166504e+02 6.856339424849e-02
3.329923400879e+02 5.238393694162e-02
3.329913635254e+02 1.244730595499e-02
3.329903869629e+02 -1.441656611860e-02
3.329894104004e+02 -3.451880440116e-02
3.329884338379e+02 -4.746099561453e-02
3.329874572754e+02 -5.215979367495e-02
3.329864807129e+02 -4.309859126806e-02
3.329855041504e+02 -4.647786170244e-02
3.329845275879e+02 -5.472814291716e-02
3.329835510254e+02 -4.499351605773e-02
3.329825744629e+02 -5.132614448667e-02
3.329815979004e+02 -4.310889914632e-02
3.329806213379e+02 -3.735455498099e-02
3.329796447754e+02 -1.521649491042e-02
3.329786682129e+02 -5.995973479003e-03
3.329776916504e+02 -2.166875265539e-02
3.329767150879e+02 -2.725267410278e-02
3.329757385254e+02 -2.778898179531e-02
3.329747619629e+02 -1.822292618454e-02
3.329737854004e+02 -2.388961054385e-02
3.329728088379e+02 -3.801291063428e-02
3.329718322754e+02 -3.353795036674e-02
3.329708557129e+02 -3.257612884045e-02
3.329698791504e+02 -2.877436019480e-02
3.329689025879e+02 -3.798265382648e-02
3.329679260254e+02 -2.822178229690e-02
3.329669494629e+02 -1.413767877966e-02
3.329659729004e+02 -1.924908719957e-02
3.329649963379e+02 -1.245435513556e-02
3.329640197754e+02 -1.719265617430e-02
3.329630432129e+02 -2.865283377469e-02
3.329620666504e+02 -3.467994183302e-02
3.329610900879e+02 -3.267345577478e-02
3.329601135254e+02 -2.013272233307e-02
3.329591369629e+02 -9.446904994547e-03
3.329581604004e+02 -1.704965345562e-02
3.329571838379e+02 -2.459207922220e-02
3.329562072754e+02 -2.147121541202e-02
3.329552307129e+02 -1.925666071475e-02
3.329542541504e+02 -2.008292265236e-02
3.329532775879e+02 -1.647221483290e-02
3.329523010254e+02 -2.422601543367e-02
3.329513244629e+02 -3.184560313821e-02
3.329503479004e+02 -3.997424244881e-02
3.329493713379e+02 -2.603001147509e-02
3.329483947754e+02 -3.651412576437e-02
3.329474182129e+02 -2.188325114548e-02
3.329464416504e+02 -2.768019028008e-02
3.329454650879e+02 -2.752605080605e-02
3.329444885254e+02 -3.272053599358e-02
3.329435119629e+02 -4.519676789641e-02
3.329425354004e+02 -3.726961836219e-02
3.329415588379e+02 -3.043844923377e-02
3.329405822754e+02 -3.164994716644e-02
3.329396057129e+02 -3.018266893923e-02
3.329386291504e+02 -4.651704803109e-02
3.329376525879e+02 -3.499604761600e-02
3.329366760254e+02 -2.796435914934e-02
3.329356994629e+02 -3.143740445375e-02
3.329347229004e+02 -1.433572638780e-02
3.329337463379e+02 -1.884971000254e-02
3.329327697754e+02 -1.905808225274e-02
3.329317932129e+02 -1.368304528296e-02
3.329308166504e+02 -1.316615100950e-02
3.329298400879e+02 -2.643661946058e-02
3.329288635254e+02 -2.128976583481e-02
3.329278869629e+02 -3.579900413752e-02
3.329269104004e+02 -2.306137047708e-02
3.329259338379e+02 -9.679210372269e-03
3.329249572754e+02 -3.560485783964e-04
3.329239807129e+02 -4.748368635774e-03
3.329230041504e+02 -3.288990259171e-02
3.329220275879e+02 -4.246650636196e-02
3.329210510254e+02 -3.895590081811e-02
3.329200744629e+02 -2.629413828254e-02
3.329190979004e+02 -3.258196637034e-02
3.329181213379e+02 -1.783332042396e-02
3.329171447754e+02 -2.817134372890e-02
3.329161682129e+02 -4.007368162274e-02
3.329151916504e+02 -2.808598056436e-02
3.329142150879e+02 -2.967616356909e-02
3.329132385254e+02 -3.674983605742e-02
3.329122619629e+02 -3.615424409509e-02
3.329112854004e+02 -3.266908973455e-02
3.329103088379e+02 -4.037151485682e-02
3.329093322754e+02 -2.766896784306e-02
3.329083557129e+02 -1.089659985155e-02
3.329073791504e+02 -2.164280414581e-02
3.329064025879e+02 -4.588055610657e-02
3.329054260254e+02 -3.199175745249e-02
3.329044494629e+02 -2.584692835808e-02
3.329034729004e+02 -1.493787392974e-02
3.329024963379e+02 -4.167731851339e-02
3.329015197754e+02 -4.507647827268e-02
3.329005432129e+02 -2.343627437949e-02
3.328995666504e+02 -2.156731113791e-02
3.328985900879e+02 -4.144565016031e-02
3.328976135254e+02 -3.786511719227e-02
3.328966369629e+02 -3.447525203228e-02
3.328956604004e+02 -3.071205690503e-02
3.328946838379e+02 -1.446693856269e-02
3.328937072754e+02 -2.453762292862e-02
3.328927307129e+02 -3.758948296309e-02
3.328917541504e+02 -2.176676690578e-02
3.328907775879e+02 -1.456581801176e-02
3.328898010254e+02 -2.453471533954e-02
3.328888244629e+02 -2.376910485327e-02
3.328878479004e+02 -2.820315770805e-02
3.328868713379e+02 -3.095632977784e-02
3.328858947754e+02 -1.393724326044e-02
3.328849182129e+02 -2.017024718225e-02
3.328839416504e+02 -3.515670076013e-02
3.328829650879e+02 -3.647508844733e-02
3.328819885254e+02 -2.216030098498e-02
3.328810119629e+02 -3.159771859646e-02
3.328800354004e+02 -2.805672213435e-02
3.328790588379e+02 -1.759221591055e-02
3.328780822754e+02 -2.938095293939e-02
3.328771057129e+02 -2.522122859955e-02
3.328761291504e+02 -2.278834022582e-02
3.328751525879e+02 -2.723220549524e-02
3.328741760254e+02 -1.952864415944e-02
3.328731994629e+02 -4.191685840487e-02
3.328722229004e+02 -2.582579664886e-02
3.328712463379e+02 -1.940460503101e-02
3.328702697754e+02 -1.943659968674e-02
3.328692932129e+02 -2.605574391782e-02
3.328683166504e+02 -2.295632846653e-02
3.328673400879e+02 -5.061854422092e-02
3.328663635254e+02 -3.623982146382e-02
3.328653869629e+02 -5.606578290462e-02
3.328644104004e+02 -7.921814173460e-02
3.328634338379e+02 -7.607476413250e-02
3.328624572754e+02 -5.411997064948e-02
3.328614807129e+02 -4.376268014312e-02
3.328605041504e+02 -4.815416410565e-02
3.328595275879e+02 -5.791734531522e-02
3.328585510254e+02 -3.079734928906e-02
3.328575744629e+02 -3.435768187046e-02
3.328565979004e+02 -3.589308634400e-02
3.328556213379e+02 -4.193269088864e-02
3.328546447754e+02 -2.334882132709e-02
3.328536682129e+02 -2.109119854867e-02
3.328526916504e+02 -3.389738872647e-02
3.328517150879e+02 -2.984253130853e-02
3.328507385254e+02 -2.650121040642e-02
3.328497619629e+02 -2.526124939322e-02
3.328487854004e+02 -2.127514965832e-02
3.328478088379e+02 -3.589989244938e-02
3.328468322754e+02 -2.997346781194e-02
3.328458557129e+02 -2.149371616542e-02
3.328448791504e+02 -1.393713057041e-02
3.328439025879e+02 2.982116118073e-02
3.328429260254e+02 3.467319533229e-02
3.328419494629e+02 6.502332538366e-02
3.328409729004e+02 1.063785701990e-01
3.328399963379e+02 1.402961909771e-01
3.328390197754e+02 1.765610128641e-01
3.328380432129e+02 2.332096099854e-01
3.328370666504e+02 2.539254724979e-01
3.328360900879e+02 2.738681435585e-01
3.328351135254e+02 2.539745867252e-01
3.328341369629e+02 2.252769321203e-01
3.328331604004e+02 1.706584692001e-01
3.328321838379e+02 1.064350977540e-01
3.328312072754e+02 7.332088798285e-02
3.328302307129e+02 -1.125843450427e-02
3.328292541504e+02 -7.494136691093e-02
3.328282775879e+02 -1.361616253853e-01
3.328273010254e+02 -1.640140265226e-01
3.328263244629e+02 -2.009819895029e-01
3.328253479004e+02 -2.271242290735e-01
3.328243713379e+02 -2.374693155289e-01
3.328233947754e+02 -2.526959478855e-01
3.328224182129e+02 -2.422139644623e-01
3.328214416504e+02 -2.003184854984e-01
3.328204650879e+02 -1.740433275700e-01
3.328194885254e+02 -1.435488313437e-01
3.328185119629e+02 -1.134203746915e-01
3.328175354004e+02 -9.609055519104e-02
3.328165588379e+02 -5.403459072113e-02
3.328155822754e+02 -5.172444134951e-02
3.328146057129e+02 -4.570895060897e-02
3.328136291504e+02 -5.438626557589e-02
3.328126525879e+02 -3.904546797276e-02
3.328116760254e+02 -4.167646914721e-02
3.328106994629e+02 -2.083948068321e-02
3.328097229004e+02 -3.115147911012e-02
3.328087463379e+02 -2.598674409091e-02
3.328077697754e+02 -2.208098582923e-02
3.328067932129e+02 -2.084780298173e-02
3.328058166504e+02 -2.827922254801e-02
3.328048400879e+02 -2.637963369489e-02
3.328038635254e+02 -4.347963631153e-02
3.328028869629e+02 -3.560154512525e-02
3.328019104004e+02 -3.613946959376e-02
3.328009338379e+02 -2.762674167752e-02
3.327999572754e+02 -1.932076737285e-02
3.327989807129e+02 -2.227916941047e-02
3.327980041504e+02 -1.895028166473e-02
3.327970275879e+02 -1.020233053714e-02
3.327960510254e+02 -7.006568368524e-03
3.327950744629e+02 1.759976497851e-03
3.327940979004e+02 1.529807783663e-02
3.327931213379e+02 3.871769085526e-02
3.327921447754e+02 3.962213918567e-02
3.327911682129e+02 4.265390709043e-02
3.327901916504e+02 2.880451083183e-02
3.327892150879e+02 1.354119088501e-02
3.327882385254e+02 7.023526821285e-03
3.327872619629e+02 8.185205981135e-03
3.327862854004e+02 -2.456518448889e-02
3.327853088379e+02 -2.129149436951e-02
3.327843322754e+02 -3.009510412812e-02
3.327833557129e+02 -2.970689162612e-02
3.327823791504e+02 -3.509553894401e-02
3.327814025879e+02 -2.154362015426e-02
3.327804260254e+02 -1.603399030864e-02
3.327794494629e+02 -2.252602577209e-02
3.327784729004e+02 -3.984118998051e-02
3.327774963379e+02 -3.468370065093e-02
3.327765197754e+02 -3.276460990310e-02
3.327755432129e+02 -3.619761392474e-02
3.327745666504e+02 -3.913953527808e-02
3.327735900879e+02 -3.463942185044e-02
3.327726135254e+02 -4.249174892902e-02
3.327716369629e+02 -4.001342505217e-02
3.327706604004e+02 -1.913432590663e-02
3.327696838379e+02 -2.134893648326e-02
3.327687072754e+02 -2.399372495711e-02
3.327677307129e+02 -3.688045218587e-02
3.327667541504e+02 -3.045885451138e-02
3.327657775879e+02 -4.051432386041e-02
3.327648010254e+02 -4.424904286861e-02
3.327638244629e+02 -2.142539434135e-02
3.327628479004e+02 -3.510272130370e-02
3.327618713379e+02 -4.157468304038e-02
3.327608947754e+02 -4.357263445854e-02
3.327599182129e+02 -3.815773501992e-02
3.327589416504e+02 -2.132861874998e-02
3.327579650879e+02 -1.241486612707e-02
3.327569885254e+02 -2.831685729325e-02
3.327560119629e+02 -2.476703748107e-02
3.327550354004e+02 -1.994748413563e-02
3.327540588379e+02 -1.719813421369e-02
3.327530822754e+02 -1.466471608728e-02
3.327521057129e+02 -1.179171632975e-02
3.327511291504e+02 -2.835163287818e-02
3.327501525879e+02 -1.872386038303e-02
3.327491760254e+02 -1.727146469057e-02
3.327481994629e+02 -1.255274564028e-02
3.327472229004e+02 -3.058596141636e-02
3.327462463379e+02 -2.872331067920e-02
3.327452697754e+02 -1.686679571867e-02
3.327442932129e+02 -2.639385685325e-02
3.327433166504e+02 -4.680982977152e-02
3.327423400879e+02 -3.514301031828e-02
3.327413635254e+02 -2.900127321482e-02
3.327403869629e+02 -4.396095126867e-02
3.327394104004e+02 -3.589173033834e-02
3.327384338379e+02 -2.514541894197e-02
3.327374572754e+02 -3.884021565318e-02
3.327364807129e+02 -1.512324251235e-02
3.327355041504e+02 -2.888867631555e-02
3.327345275879e+02 -4.077591747046e-02
3.327335510254e+02 -3.666989505291e-02
3.327325744629e+02 -2.456639520824e-02
3.327315979004e+02 -3.775812685490e-02
3.327306213379e+02 -3.536143898964e-02
3.327296447754e+02 -2.657654881477e-02
3.327286682129e+02 -3.269426524639e-02
3.327276916504e+02 -3.414244577289e-02
3.327267150879e+02 -2.493494935334e-02
3.327257385254e+02 -2.067341282964e-02
3.327247619629e+02 -2.102115005255e-02
3.327237854004e+02 -3.631633892655e-02
3.327228088379e+02 -2.371637895703e-02
3.327218322754e+02 -9.005721658468e-03
3.327208557129e+02 -3.835590183735e-02
3.327198791504e+02 -2.817379310727e-02
3.327189025879e+02 -2.271723560989e-02
3.327179260254e+02 -2.601872570813e-02
3.327169494629e+02 -2.020180225372e-02
3.327159729004e+02 -1.799853891134e-02
3.327149963379e+02 -1.271840184927e-02
3.327140197754e+02 -2.646781504154e-02
3.327130432129e+02 -2.517657540739e-02
3.327120666504e+02 -2.447160333395e-02
3.327110900879e+02 -1.914989203215e-02
3.327101135254e+02 -1.340863015503e-02
3.327091369629e+02 -2.598791942000e-02
3.327081604004e+02 2.674843417481e-03
3.327071838379e+02 -4.777352791280e-03
3.327062072754e+02 -1.667883060873e-02
3.327052307129e+02 -1.710350066423e-02
3.327042541504e+02 -2.100543864071e-02
3.327032775879e+02 -1.385034527630e-02
3.327023010254e+02 -1.243009883910e-02
3.327013244629e+02 3.162306267768e-03
3.327003479004e+02 -1.745838671923e-02
3.326993713379e+02 -3.007137216628e-02
3.326983947754e+02 -2.887688018382e-02
3.326974182129e+02 -4.767410084605e-02
3.326964416504e+02 -2.681705355644e-02
3.326954650879e+02 -2.924936078489e-02
3.326944885254e+02 -5.446038395166e-02
3.326935119629e+02 -6.812205910683e-02
3.326925354004e+02 -5.784288793802e-02
3.326915588379e+02 -7.916356623173e-02
3.326905822754e+02 -9.186278283596e-02
3.326896057129e+02 -7.333113998175e-02
3.326886291504e+02 -1.111268326640e-01
3.326876525879e+02 -1.341140121222e-01
3.326866760254e+02 -1.226364821196e-01
3.326856994629e+02 -8.141598850489e-02
3.326847229004e+02 -6.790890544653e-02
3.326837463379e+02 -7.363693416119e-02
3.326827697754e+02 -6.401566416025e-02
3.326817932129e+02 -5.777280032635e-02
3.326808166504e+02 -1.872210577130e-02
3.326798400879e+02 -2.103306166828e-02
3.326788635254e+02 -2.695822715759e-02
3.326778869629e+02 -3.974796738476e-03
3.326769104004e+02 -1.192517671734e-02
3.326759338379e+02 -7.134073413908e-03
3.326749572754e+02 -1.785117574036e-02
3.326739807129e+02 -1.417450979352e-02
3.326730041504e+02 -8.835144340992e-03
3.326720275879e+02 -1.149904821068e-02
3.326710510254e+02 -2.266360446811e-02
3.326700744629e+02 -2.265658974648e-02
3.326690979004e+02 -4.654712509364e-03
3.326681213379e+02 -8.040275424719e-03
3.326671447754e+02 -7.982900366187e-03
3.326661682129e+02 -1.439792197198e-02
3.326651916504e+02 -2.048067376018e-02
3.326642150879e+02 -2.966999821365e-02
3.326632385254e+02 -2.628792077303e-02
3.326622619629e+02 -3.153309971094e-02
3.326612854004e+02 -4.664846882224e-02
3.326603088379e+02 -3.228735551238e-02
3.326593322754e+02 -3.131577000022e-02
3.326583557129e+02 -2.665764093399e-02
3.326573791504e+02 -3.298585489392e-02
3.326564025879e+02 -3.430598601699e-02
3.326554260254e+02 -3.845285251737e-02
3.326544494629e+02 -1.774173974991e-02
3.326534729004e+02 -1.966742984951e-02
3.326524963379e+02 -1.458161324263e-02
3.326515197754e+02 -4.501043632627e-02
3.326505432129e+02 -4.027647897601e-02
3.326495666504e+02 -4.372162371874e-02
3.326485900879e+02 -2.486040815711e-02
3.326476135254e+02 -1.876428537071e-02
3.326466369629e+02 -2.713903039694e-02
3.326456604004e+02 -3.103719279170e-02
3.326446838379e+02 -4.912289977074e-02
3.326437072754e+02 -3.913223370910e-02
3.326427307129e+02 -3.225065395236e-02
3.326417541504e+02 -5.003487691283e-02
3.326407775879e+02 -3.457920253277e-02
3.326398010254e+02 -2.202316746116e-02
3.326388244629e+02 -3.958017751575e-02
3.326378479004e+02 -2.704235538840e-02
3.326368713379e+02 -2.341952733696e-02
3.326358947754e+02 -2.172713726759e-02
3.326349182129e+02 -2.647786214948e-02
3.326339416504e+02 -3.844286873937e-02
3.326329650879e+02 -3.501332551241e-02
3.326319885254e+02 -1.863631233573e-02
3.326310119629e+02 -1.040412392467e-02
3.326300354004e+02 -1.945088244975e-02
3.326290588379e+02 -3.573889285326e-02
3.326280822754e+02 -3.328510001302e-02
3.326271057129e+02 -3.236959502101e-02
3.326261291504e+02 -2.784093469381e-02
3.326251525879e+02 -2.681070379913e-02
3.326241760254e+02 -2.025021426380e-02
3.326231994629e+02 -2.554054185748e-02
3.326222229004e+02 -2.530889399350e-02
3.326212463379e+02 -3.199779614806e-02
3.326202697754e+02 -4.032766073942e-02
3.326192932129e+02 -2.339808642864e-02
3.326183166504e+02 -1.237171050161e-02
3.326173400879e+02 -2.236422151327e-02
3.326163635254e+02 -3.517971932888e-02
3.326153869629e+02 -3.388216719031e-02
3.326144104004e+02 -3.252443671227e-02
3.326134338379e+02 -3.872666880488e-02
3.326124572754e+02 -2.604698389769e-02
3.326114807129e+02 -2.760748565197e-02
3.326105041504e+02 -2.095894701779e-02
3.326095275879e+02 -1.440814044327e-02
3.326085510254e+02 -2.091264724731e-02
3.326075744629e+02 -3.984991088510e-02
3.326065979004e+02 -2.316927164793e-02
3.326056213379e+02 -2.004557289183e-02
3.326046447754e+02 -7.275382988155e-03
3.326036682129e+02 -1.476231031120e-02
3.326026916504e+02 -3.782837884501e-03
3.326017150879e+02 -1.673494279385e-02
3.326007385254e+02 -1.028696540743e-02
3.325997619629e+02 -1.536926068366e-02
3.325987854004e+02 -2.063543535769e-02
3.325978088379e+02 -1.970492303371e-02
3.325968322754e+02 -1.526956167072e-02
3.325958557129e+02 -2.900232374668e-02
3.325948791504e+02 -1.690023392439e-02
3.325939025879e+02 -8.905570022762e-03
3.325929260254e+02 -7.055807858706e-03
3.325919494629e+02 -6.017310544848e-03
3.325909729004e+02 -1.240793149918e-02
3.325899963379e+02 -7.849564775825e-03
3.325890197754e+02 -2.639117091894e-02
3.325880432129e+02 -2.635176852345e-02
3.325870666504e+02 -2.234258875251e-02
3.325860900879e+02 -2.117928490043e-02
3.325851135254e+02 -3.222931548953e-02
3.325841369629e+02 -2.034180983901e-02
3.325831604004e+02 -3.339346870780e-02
3.325821838379e+02 -4.124025255442e-02
3.325812072754e+02 -4.034042358398e-02
3.325802307129e+02 -3.609587252140e-02
3.325792541504e+02 -4.233702644706e-02
3.325782775879e+02 -3.314623609185e-02
3.325773010254e+02 -1.705260947347e-02
3.325763244629e+02 -4.020190611482e-02
3.325753479004e+02 -2.859772369266e-02
3.325743713379e+02 -1.657483540475e-02
3.325733947754e+02 -2.038941718638e-02
3.325724182129e+02 -3.466115519404e-02
3.325714416504e+02 -4.056122153997e-02
3.325704650879e+02 -4.243829473853e-02
3.325694885254e+02 -3.835297748446e-02
3.325685119629e+02 -3.484115377069e-02
3.325675354004e+02 -2.032562717795e-02
3.325665588379e+02 -2.543140016496e-02
3.325655822754e+02 -2.353018522263e-02
3.325646057129e+02 -2.507130615413e-02
3.325636291504e+02 -3.563082218170e-02
3.325626525879e+02 -2.906672470272e-02
3.325616760254e+02 -3.406766429543e-02
3.325606994629e+02 -3.044481761754e-02
3.325597229004e+02 -4.580017179251e-02
3.325587463379e+02 -4.044280201197e-02
3.325577697754e+02 -3.806512802839e-02
3.325567932129e+02 -3.565045446157e-02
3.325558166504e+02 -2.652997151017e-02
3.325548400879e+02 -1.143329590559e-02
3.325538635254e+02 -1.403265818954e-02
3.325528869629e+02 -3.198570758104e-02
3.325519104004e+02 -2.107078582048e-02
3.325509338379e+02 -1.769883185625e-02
3.325499572754e+02 -2.980527840555e-02
3.325489807129e+02 -2.082091942430e-02
3.325480041504e+02 -3.797897323966e-02
3.325470275879e+02 -2.511755749583e-02
3.325460510254e+02 -3.536291047931e-02
3.325450744629e+02 -2.875630185008e-02
3.325440979004e+02 -1.502511929721e-02
3.325431213379e+02 -1.679385639727e-02
3.325421447754e+02 -2.244715951383e-02
3.325411682129e+02 -1.181884761900e-02
3.325401916504e+02 -1.217434275895e-02
3.325392150879e+02 -1.977830193937e-02
3.325382385254e+02 -1.721190474927e-02
3.325372619629e+02 -2.378372848034e-02
3.325362854004e+02 -2.772624418139e-02
3.325353088379e+02 -2.503626048565e-02
3.325343322754e+02 2.777308924124e-03
3.325333557129e+02 5.446086172014e-03
3.325323791504e+02 2.203813055530e-03
3.325314025879e+02 -4.611579235643e-03
3.325304260254e+02 1.500746293459e-04
3.325294494629e+02 2.061777282506e-03
3.325285034180e+02 1.053821295500e-03
3.325275268555e+02 -8.501947857440e-03
3.325265502930e+02 -1.207012403756e-02
3.325255737305e+02 -6.280718836933e-03
3.325245971680e+02 -2.610427513719e-02
3.325236206055e+02 -3.456334024668e-02
3.325226440430e+02 -2.825153060257e-02
3.325216674805e+02 -2.349401265383e-02
3.325206909180e+02 -2.998848818243e-02
3.325197143555e+02 -2.713779732585e-02
3.325187377930e+02 -1.996351778507e-02
3.325177612305e+02 -2.625440619886e-02
3.325167846680e+02 -2.499262802303e-02
3.325158081055e+02 -2.956763841212e-02
3.325148315430e+02 -3.710206970572e-02
3.325138549805e+02 -2.455786429346e-02
3.325128784180e+02 -2.772264927626e-02
3.325119018555e+02 -4.190937429667e-02
3.325109252930e+02 -3.446298092604e-02
3.325099487305e+02 -3.171584010124e-02
3.325089721680e+02 -2.499232813716e-02
3.325079956055e+02 -1.697558909655e-02
3.325070190430e+02 -6.096945144236e-03
3.325060424805e+02 -2.626919373870e-02
3.325050659180e+02 -4.267460107803e-02
3.325040893555e+02 -3.771247714758e-02
3.325031127930e+02 -5.391526594758e-02
3.325021362305e+02 -3.392938524485e-02
3.325011596680e+02 -2.025427669287e-02
3.325001831055e+02 -2.533206157386e-02
3.324992065430e+02 -2.109308727086e-02
3.324982299805e+02 -3.410716727376e-02
3.324972534180e+02 -2.193287201226e-02
3.324962768555e+02 -1.061527803540e-02
3.324953002930e+02 -2.831887267530e-02
3.324943237305e+02 -2.646815218031e-02
3.324933471680e+02 -2.936285175383e-02
3.324923706055e+02 -2.879106439650e-02
3.324913940430e+02 -3.442309051752e-02
3.324904174805e+02 -3.230720385909e-02
3.324894409180e+02 -1.883657462895e-02
3.324884643555e+02 -4.271970689297e-02
3.324874877930e+02 -3.427819907665e-02
3.324865112305e+02 -3.198836371303e-02
3.324855346680e+02 -2.152437902987e-02
3.324845581055e+02 -1.754365861416e-02
3.324835815430e+02 -3.243128582835e-02
3.324826049805e+02 -2.383464388549e-02
3.324816284180e+02 -2.341219037771e-02
3.324806518555e+02 -2.848236076534e-02
3.324796752930e+02 -3.763313591480e-02
3.324786987305e+02 -2.766823768616e-02
3.324777221680e+02 -1.529629342258e-02
3.324767456055e+02 -1.245921012014e-02
3.324757690430e+02 -2.228815667331e-02
3.324747924805e+02 -2.575191296637e-02
3.324738159180e+02 -2.991320192814e-02
3.324728393555e+02 -1.941054128110e-02
3.324718627930e+02 -2.654667571187e-02
3.324708862305e+02 -2.585285902023e-02
3.324699096680e+02 -2.305327728391e-02
3.324689331055e+02 5.483834538609e-03
3.324679565430e+02 3.030530549586e-02
3.324669799805e+02 3.757541999221e-02
3.324660034180e+02 9.358730167150e-02
3.324650268555e+02 1.729679405689e-01
3.324640502930e+02 2.509342432022e-01
3.324630737305e+02 3.279971182346e-01
3.324620971680e+02 3.916369974613e-01
3.324611206055e+02 3.676754832268e-01
3.324601440430e+02 3.254089057446e-01
3.324591674805e+02 2.711659669876e-01
3.324581909180e+02 1.951775997877e-01
3.324572143555e+02 1.062945052981e-01
3.324562377930e+02 7.521917670965e-02
3.324552612305e+02 5.365580692887e-02
3.324542846680e+02 2.100553922355e-02
3.324533081055e+02 2.574100345373e-02
3.324523315430e+02 3.639621427283e-03
3.324513549805e+02 1.269373297691e-02
3.324503784180e+02 -6.023879628628e-03
3.324494018555e+02 -1.125454157591e-02
3.324484252930e+02 1.376007311046e-02
3.324474487305e+02 -1.105602737516e-02
3.324464721680e+02 -2.172536775470e-02
3.324454956055e+02 -1.397449243814e-02
3.324445190430e+02 -4.762562457472e-03
3.324435424805e+02 -2.485049702227e-02
3.324425659180e+02 -7.562378421426e-03
3.324415893555e+02 -1.621855050325e-02
3.324406127930e+02 -2.108672261238e-02
3.324396362305e+02 -1.751516014338e-02
3.324386596680e+02 -1.114413794130e-02
3.324376831055e+02 -3.923314809799e-02
3.324367065430e+02 -2.217419259250e-02
3.324357299805e+02 -9.753319434822e-03
3.324347534180e+02 -1.633973233402e-02
3.324337768555e+02 -2.213328704238e-02
3.324328002930e+02 -2.997743338346e-02
3.324318237305e+02 -4.254360124469e-02
3.324308471680e+02 -1.608659885824e-02
3.324298706055e+02 -2.023505419493e-02
3.324288940430e+02 -3.707142919302e-02
3.324279174805e+02 -2.527926117182e-02
3.324269409180e+02 -2.283106744289e-02
3.324259643555e+02 -2.629898115993e-02
3.324249877930e+02 -1.816066168249e-02
3.324240112305e+02 -8.228874765337e-03
3.324230346680e+02 -2.326871268451e-02
3.324220581055e+02 -1.856515370309e-02
3.324210815430e+02 -3.384166210890e-02
3.324201049805e+02 -3.578528389335e-02
3.324191284180e+02 -1.302544586360e-02
3.324181518555e+02 -2.052759565413e-02
3.324171752930e+02 -2.546445839107e-02
3.324161987305e+02 -2.045724913478e-02
3.324152221680e+02 1.007122080773e-02
3.324142456055e+02 6.389202550054e-03
3.324132690430e+02 -9.759818203747e-03
3.324122924805e+02 -8.355120196939e-03
3.324113159180e+02 -4.236286506057e-03
3.324103393555e+02 -2.574776299298e-02
3.324093627930e+02 -2.557396143675e-02
3.324083862305e+02 -2.308012917638e-02
3.324074096680e+02 -2.521068230271e-02
3.324064331055e+02 -2.596956305206e-02
3.324054565430e+02 -2.483613416553e-02
3.324044799805e+02 -3.777232766151e-02
3.324035034180e+02 -2.517965622246e-02
3.324025268555e+02 -2.169322222471e-02
3.324015502930e+02 -2.320852503181e-02
3.324005737305e+02 -4.347825050354e-02
3.323995971680e+02 -2.951711602509e-02
3.323986206055e+02 -2.441259287298e-02
3.323976440430e+02 -2.080321498215e-02
3.323966674805e+02 -1.739167049527e-02
3.323956909180e+02 -3.217585757375e-02
3.323947143555e+02 -1.724627614021e-02
3.323937377930e+02 -2.465572208166e-02
3.323927612305e+02 -2.501868642867e-02
3.323917846680e+02 -3.016714937985e-02
3.323908081055e+02 -3.834667429328e-02
3.323898315430e+02 -4.361845180392e-02
3.323888549805e+02 -5.111124739051e-02
3.323878784180e+02 -3.941299766302e-02
3.323869018555e+02 -4.925834760070e-02
3.323859252930e+02 -3.010946884751e-02
3.323849487305e+02 -2.011946961284e-02
3.323839721680e+02 -1.706323772669e-02
3.323829956055e+02 -1.830269396305e-02
3.323820190430e+02 -1.414179801941e-02
3.323810424805e+02 -6.400855258107e-03
3.323800659180e+02 -1.808119751513e-02
3.323790893555e+02 -2.662947028875e-02
3.323781127930e+02 -1.237149536610e-02
3.323771362305e+02 -4.335581883788e-02
3.323761596680e+02 -1.860559359193e-02
3.323751831055e+02 -1.908230967820e-02
3.323742065430e+02 -2.808161824942e-02
3.323732299805e+02 -2.086805738509e-02
3.323722534180e+02 -2.056545764208e-02
3.323712768555e+02 -2.573068998754e-02
3.323703002930e+02 -3.141913563013e-02
3.323693237305e+02 -3.143250197172e-02
3.323683471680e+02 -3.942569345236e-02
3.323673706055e+02 -2.870179899037e-02
3.323663940430e+02 -1.213589869440e-02
3.323654174805e+02 -2.320875227451e-02
3.323644409180e+02 -1.605683565140e-02
3.323634643555e+02 -2.766249515116e-02
3.323624877930e+02 -4.015049338341e-02
3.323615112305e+02 -3.813184052706e-02
3.323605346680e+02 -3.706098347902e-02
3.323595581055e+02 -2.219824120402e-02
3.323585815430e+02 -1.695118844509e-02
3.323576049805e+02 -3.913161531091e-02
3.323566284180e+02 -2.940464951098e-02
3.323556518555e+02 -2.216452360153e-02
3.323546752930e+02 -1.419664081186e-02
3.323536987305e+02 -1.381592452526e-02
3.323527221680e+02 -3.304187580943e-02
3.323517456055e+02 -3.202376142144e-02
3.323507690430e+02 -2.146777883172e-02
3.323497924805e+02 -2.223160490394e-02
3.323488159180e+02 -3.468958660960e-02
3.323478393555e+02 -2.541612274945e-02
3.323468627930e+02 -2.541105262935e-02
3.323458862305e+02 -2.519745193422e-02
3.323449096680e+02 -2.131038904190e-02
3.323439331055e+02 -2.659481577575e-02
3.323429565430e+02 -1.159741543233e-02
3.323419799805e+02 -2.566839568317e-02
3.323410034180e+02 -2.825385704637e-02
3.323400268555e+02 -2.802334539592e-02
3.323390502930e+02 -2.770089358091e-02
3.323380737305e+02 -2.092483453453e-02
3.323370971680e+02 -2.697364240885e-02
3.323361206055e+02 -2.569177746773e-02
3.323351440430e+02 -2.981655672193e-02
3.323341674805e+02 -4.293816909194e-02
3.323331909180e+02 -2.999375388026e-02
3.323322143555e+02 -9.350311942399e-03
3.323312377930e+02 -2.268322370946e-02
3.323302612305e+02 -1.520122960210e-02
3.323292846680e+02 -1.737586222589e-02
3.323283081055e+02 -2.981273271143e-02
3.323273315430e+02 -2.245983108878e-02
3.323263549805e+02 -2.863733842969e-02
3.323253784180e+02 -2.312380820513e-02
3.323244018555e+02 -2.682758122683e-02
3.323234252930e+02 -2.946931309998e-02
3.323224487305e+02 -3.216812014580e-02
3.323214721680e+02 -3.893541544676e-02
3.323204956055e+02 -5.573678016663e-02
3.323195190430e+02 -4.018295183778e-02
3.323185424805e+02 -3.751406818628e-02
3.323175659180e+02 -3.612253442407e-02
3.323165893555e+02 -3.396755084395e-02
3.323156127930e+02 -3.158234432340e-02
3.323146362305e+02 -1.936855353415e-02
3.323136596680e+02 -3.423570469022e-02
3.323126831055e+02 -4.154112935066e-02
3.323117065430e+02 -4.106750339270e-02
3.323107299805e+02 -3.342354670167e-02
3.323097534180e+02 -2.801994048059e-02
3.323087768555e+02 -3.720274195075e-02
3.323078002930e+02 -3.272927179933e-02
3.323068237305e+02 -2.870350889862e-02
3.323058471680e+02 -3.385691717267e-02
3.323048706055e+02 -3.126552328467e-02
3.323038940430e+02 -2.904135733843e-02
3.323029174805e+02 -2.232970669866e-02
3.323019409180e+02 -4.021533206105e-02
3.323009643555e+02 -4.575878381729e-02
3.322999877930e+02 -2.862976863980e-02
3.322990112305e+02 -1.480676233768e-02
3.322980346680e+02 -2.569425664842e-02
3.322970581055e+02 -3.771034255624e-02
3.322960815430e+02 -3.093322925270e-02
3.322951049805e+02 -2.261823974550e-02
3.322941284180e+02 -1.400196924806e-02
3.322931518555e+02 -2.138522267342e-02
3.322921752930e+02 -1.847556419671e-02
3.322911987305e+02 -2.259089611471e-02
3.322902221680e+02 -1.461000554264e-02
3.322892456055e+02 -1.811490952969e-02
3.322882690430e+02 -3.668090328574e-03
3.322872924805e+02 3.561700694263e-03
3.322863159180e+02 -1.993568241596e-02
3.322853393555e+02 -1.720975898206e-02
3.322843627930e+02 -7.719509303570e-04
3.322833862305e+02 -1.581759750843e-02
3.322824096680e+02 -1.583183556795e-02
3.322814331055e+02 -2.104007638991e-02
3.322804565430e+02 -2.468835748732e-02
3.322794799805e+02 -1.692333631217e-02
3.322785034180e+02 -3.540591523051e-02
3.322775268555e+02 -2.791640534997e-02
3.322765502930e+02 -5.498038604856e-03
3.322755737305e+02 -1.803358085454e-02
3.322745971680e+02 -1.755245588720e-02
3.322736206055e+02 -1.365093514323e-02
3.322726440430e+02 -1.069381833076e-02
3.322716674805e+02 -2.464821003377e-02
3.322706909180e+02 -3.026878461242e-02
3.322697143555e+02 -2.617368288338e-02
3.322687377930e+02 -2.430923655629e-02
3.322677612305e+02 -1.874425821006e-02
3.322667846680e+02 -2.486742474139e-02
3.322658081055e+02 -3.601234778762e-02
3.322648315430e+02 -3.021171502769e-02
3.322638549805e+02 -3.654392436147e-02
3.322628784180e+02 -3.752236068249e-02
3.322619018555e+02 -3.732786700130e-02
3.322609252930e+02 -3.885226324201e-02
3.322599487305e+02 -2.897541411221e-02
3.322589721680e+02 -2.655595913529e-02
3.322579956055e+02 -3.508406504989e-02
3.322570190430e+02 -4.269811883569e-02
3.322560424805e+02 -3.905342891812e-02
3.322550659180e+02 -2.677654102445e-02
3.322540893555e+02 -3.245632350445e-02
3.322531127930e+02 -3.430805727839e-02
3.322521362305e+02 -3.098858334124e-02
3.322511596680e+02 -2.729338407516e-02
3.322501831055e+02 -3.276508674026e-02
3.322492065430e+02 -1.589406095445e-02
3.322482299805e+02 -2.357568033040e-02
3.322472534180e+02 -1.165385171771e-02
3.322462768555e+02 -3.150141984224e-02
3.322453002930e+02 -3.223804384470e-02
3.322443237305e+02 -4.185518249869e-02
3.322433471680e+02 -3.419407457113e-02
3.322423706055e+02 -1.365629304200e-02
3.322413940430e+02 -2.108137309551e-02
3.322404174805e+02 -1.809424348176e-02
3.322394409180e+02 -2.059853263199e-02
3.322384643555e+02 -1.730213314295e-02
3.322374877930e+02 -3.860694542527e-02
3.322365112305e+02 -3.458825498819e-02
3.322355346680e+02 -4.148218408227e-02
3.322345581055e+02 -2.605492249131e-02
3.322335815430e+02 -3.027558140457e-02
3.322326049805e+02 -2.256711199880e-02
3.322316284180e+02 -2.291555143893e-02
3.322306518555e+02 -1.933555863798e-02
3.322296752930e+02 -2.057231776416e-02
3.322286987305e+02 -2.064086683095e-02
3.322277221680e+02 -2.110696397722e-02
3.322267456055e+02 -2.456457354128e-02
3.322257690430e+02 -2.529794909060e-02
3.322247924805e+02 -3.723683953285e-02
3.322238159180e+02 -2.210490964353e-02
3.322228393555e+02 -2.092005498707e-02
3.322218627930e+02 -2.320214174688e-02
3.322208862305e+02 -2.734096348286e-02
3.322199096680e+02 -3.776870295405e-02
3.322189331055e+02 -1.690555922687e-02
3.322179565430e+02 -3.333405032754e-02
3.322169799805e+02 -2.248572371900e-02
3.322160034180e+02 -1.060465630144e-02
3.322150268555e+02 -1.607156731188e-02
3.322140502930e+02 -3.218415752053e-02
3.322130737305e+02 -2.535615488887e-02
3.322120971680e+02 -1.694857887924e-02
3.322111206055e+02 -2.683984301984e-02
3.322101440430e+02 -1.966027729213e-02
3.322091674805e+02 -2.673413418233e-02
3.322081909180e+02 -3.242644295096e-02
3.322072143555e+02 -2.119990997016e-02
3.322062377930e+02 -3.037661872804e-02
3.322052612305e+02 -1.467127539217e-02
3.322042846680e+02 -8.080429397523e-03
3.322033081055e+02 -5.412148777395e-03
3.322023315430e+02 -4.420173820108e-03
3.322013549805e+02 1.720323786139e-02
3.322003784180e+02 3.455385938287e-02
3.321994018555e+02 1.848849467933e-03
3.321984252930e+02 6.178513169289e-03
3.321974487305e+02 8.808451704681e-03
3.321964721680e+02 -2.189706638455e-02
3.321954956055e+02 -2.728607971221e-03
3.321945190430e+02 -6.985504645854e-03
3.321935424805e+02 -2.604126930237e-02
3.321925659180e+02 -2.122642844915e-02
3.321915893555e+02 -2.649408765137e-02
3.321906127930e+02 -2.216809801757e-02
3.321896362305e+02 -2.391678467393e-02
3.321886596680e+02 -2.149572595954e-02
3.321876831055e+02 -3.897336870432e-02
3.321867065430e+02 -3.926486894488e-02
3.321857299805e+02 -3.710522502661e-02
3.321847534180e+02 -4.575342684984e-02
3.321837768555e+02 -4.124190658331e-02
3.321828002930e+02 -2.577137574553e-02
3.321818237305e+02 -3.572653234005e-02
3.321808471680e+02 -3.766063600779e-02
3.321798706055e+02 -4.150664806366e-02
3.321788940430e+02 -4.759199544787e-02
3.321779174805e+02 -3.526811301708e-02
3.321769409180e+02 -2.994030155241e-02
3.321759643555e+02 -2.251005358994e-02
3.321749877930e+02 -2.444322966039e-02
3.321740112305e+02 -2.070933207870e-02
3.321730346680e+02 -3.255340829492e-02
3.321720581055e+02 -3.546968847513e-02
3.321710815430e+02 -1.687176525593e-02
3.321701049805e+02 -1.629414595664e-02
3.321691284180e+02 -1.259910222143e-02
3.321681518555e+02 -1.955612376332e-02
3.321671752930e+02 -1.655984669924e-02
3.321661987305e+02 -2.567487582564e-02
3.321652221680e+02 -2.395630814135e-02
3.321642456055e+02 -1.394188404083e-02
3.321632690430e+02 -1.392065547407e-02
3.321622924805e+02 -3.713624551892e-02
3.321613159180e+02 -2.824276499450e-02
3.321603393555e+02 -1.425130572170e-02
3.321593627930e+02 -2.456630952656e-02
3.321583862305e+02 -3.309434279799e-02
3.321574096680e+02 -3.122520446777e-02
3.321564331055e+02 -2.662998251617e-02
3.321554565430e+02 -2.891092561185e-02
3.321544799805e+02 -3.059346415102e-02
3.321535034180e+02 -3.594557940960e-02
3.321525268555e+02 -2.869180403650e-02
3.321515502930e+02 -2.710188925266e-02
3.321505737305e+02 -4.077384620905e-02
3.321495971680e+02 -3.239445760846e-02
3.321486206055e+02 -3.679578006268e-02
3.321476440430e+02 -3.252082690597e-02
3.321466674805e+02 -2.917238511145e-02
3.321456909180e+02 -3.242415562272e-02
3.321447143555e+02 -1.089668739587e-02
3.321437377930e+02 -2.378056943417e-02
3.321427612305e+02 -2.113593183458e-02
3.321417846680e+02 -2.630568481982e-02
3.321408081055e+02 -3.086206503212e-02
3.321398315430e+02 -8.728789165616e-03
3.321388549805e+02 -1.715096458793e-02
3.321378784180e+02 -3.332297131419e-02
3.321369018555e+02 -1.355691347271e-02
3.321359252930e+02 -3.308791294694e-02
3.321349487305e+02 -2.524002455175e-02
3.321339721680e+02 -1.650591939688e-02
3.321329956055e+02 -8.357819169760e-03
3.321320190430e+02 -1.586049981415e-02
3.321310424805e+02 -1.531565445475e-03
3.321300659180e+02 3.539525438100e-03
3.321290893555e+02 1.170418038964e-02
3.321281127930e+02 8.368771523237e-03
3.321271362305e+02 2.234913967550e-02
3.321261596680e+02 2.110813371837e-02
3.321251831055e+02 3.724665613845e-03
3.321242065430e+02 -6.983690895140e-03
3.321232299805e+02 7.874203845859e-03
3.321222534180e+02 8.546440862119e-03
3.321212768555e+02 -2.329364232719e-02
3.321203002930e+02 -3.282732097432e-03
3.321193237305e+02 -7.959226495586e-04
3.321183471680e+02 -5.518363323063e-04
3.321173706055e+02 -3.071377752349e-03
3.321163940430e+02 -2.118090167642e-02
3.321154174805e+02 -4.043934866786e-02
3.321144409180e+02 -1.823439262807e-02
3.321134643555e+02 -5.506915971637e-03
3.321124877930e+02 -1.376938819885e-02
3.321115112305e+02 -2.661438472569e-02
3.321105346680e+02 -2.645218558609e-02
3.321095581055e+02 -2.159873768687e-02
3.321085815430e+02 -3.873472288251e-02
3.321076049805e+02 -3.415121138096e-02
3.321066284180e+02 -2.115461230278e-02
3.321056518555e+02 -3.343138843775e-02
3.321046752930e+02 -2.200526930392e-02
3.321036987305e+02 -3.429089114070e-02
3.321027221680e+02 -2.240714244545e-02
3.321017456055e+02 -4.155553132296e-02
3.321007690430e+02 -1.717058196664e-02
3.320997924805e+02 -9.256749413908e-03
3.320988159180e+02 -2.031989954412e-02
3.320978393555e+02 -4.392749816179e-02
3.320968627930e+02 -3.089115209877e-02
3.320958862305e+02 -3.697344660759e-02
3.320949096680e+02 -3.939004987478e-02
3.320939331055e+02 -3.733306378126e-02
3.320929565430e+02 -2.630937099457e-02
3.320919799805e+02 -1.979258097708e-02
3.320910034180e+02 -3.840704262257e-02
3.320900268555e+02 -3.222431242466e-02
3.320890502930e+02 -2.572168037295e-02
3.320880737305e+02 -3.077718615532e-02
3.320870971680e+02 -4.019623249769e-02
3.320861206055e+02 -3.385753929615e-02
3.320851440430e+02 -2.268665842712e-02
3.320841674805e+02 -3.167603164911e-02
3.320831909180e+02 -2.287948131561e-02
3.320822143555e+02 -2.522288821638e-02
3.320812377930e+02 -1.120402850211e-02
3.320802612305e+02 -1.666613854468e-02
3.320792846680e+02 -5.852396599948e-03
3.320783081055e+02 -1.185018569231e-02
3.320773315430e+02 -1.981306448579e-02
3.320763549805e+02 -3.527999669313e-02
3.320753784180e+02 -2.308308891952e-02
3.320744018555e+02 -1.750553585589e-02
3.320734252930e+02 -2.894925326109e-02
3.320724487305e+02 -2.231103926897e-02
3.320714721680e+02 -2.511254139245e-02
3.320704956055e+02 -1.771196164191e-02
3.320695190430e+02 -1.022073719651e-02
3.320685424805e+02 -1.893459074199e-02
3.320675659180e+02 -2.615671604872e-02
3.320665893555e+02 -2.234369516373e-02
3.320656127930e+02 -2.107695490122e-02
3.320646362305e+02 -3.398241102695e-02
3.320636596680e+02 -4.103274643421e-02
3.320626831055e+02 -2.256661653519e-02
3.320617065430e+02 -3.282083943486e-02
3.320607299805e+02 -3.271111473441e-02
3.320597534180e+02 -3.561804071069e-02
3.320587768555e+02 -3.229277953506e-02
3.320578002930e+02 -7.354522240348e-04
3.320568237305e+02 -1.096161734313e-02
3.320558471680e+02 2.806891221553e-03
3.320548706055e+02 -6.634640041739e-03
3.320538940430e+02 2.442404255271e-02
3.320529174805e+02 3.768246993423e-02
3.320519409180e+02 8.170781284571e-02
3.320509643555e+02 1.574181467295e-01
3.320499877930e+02 2.563682794571e-01
3.320490112305e+02 3.558495342731e-01
3.320480346680e+02 4.017038345337e-01
3.320470581055e+02 4.337215125561e-01
3.320460815430e+02 4.191139042377e-01
3.320451049805e+02 3.916747868061e-01
3.320441284180e+02 3.465909957886e-01
3.320431518555e+02 3.226494789124e-01
3.320421752930e+02 2.571647763252e-01
3.320411987305e+02 2.176412642002e-01
3.320402221680e+02 1.661075949669e-01
3.320392456055e+02 1.438456326723e-01
3.320382690430e+02 1.233961507678e-01
3.320372924805e+02 1.245896071196e-01
3.320363159180e+02 1.203629001975e-01
3.320353393555e+02 1.074442043900e-01
3.320343627930e+02 7.294381409883e-02
3.320333862305e+02 5.245730280876e-02
3.320324096680e+02 4.350321739912e-02
3.320314331055e+02 5.777937546372e-02
3.320304565430e+02 6.821792572737e-02
3.320294799805e+02 8.146656304598e-02
3.320285034180e+02 6.583622097969e-02
3.320275268555e+02 6.998155266047e-02
3.320265502930e+02 3.804679587483e-02
3.320255737305e+02 2.715301001444e-03
3.320245971680e+02 -1.117161009461e-02
3.320236206055e+02 -3.865380957723e-02
3.320226440430e+02 -3.604963794351e-02
3.320216674805e+02 -4.180171713233e-02
3.320206909180e+02 -5.615844205022e-02
3.320197143555e+02 -5.776722356677e-02
3.320187377930e+02 -3.289545699954e-02
3.320177612305e+02 -1.575982943177e-02
3.320167846680e+02 -4.915503785014e-02
3.320158081055e+02 -4.396956786513e-02
3.320148315430e+02 -2.035352215171e-02
3.320138549805e+02 -3.673952445388e-02
3.320128784180e+02 -4.342728480697e-02
3.320119018555e+02 -3.792352229357e-02
3.320109252930e+02 -3.384845703840e-02
3.320099487305e+02 -4.096275195479e-02
3.320089721680e+02 -3.465449437499e-02
3.320079956055e+02 -3.327292203903e-02
3.320070190430e+02 -1.993495784700e-02
3.320060424805e+02 -1.637209765613e-02
3.320050659180e+02 -2.167120948434e-02
3.320040893555e+02 -2.368995919824e-02
3.320031127930e+02 -3.987785056233e-02
3.320021362305e+02 -2.977397479117e-02
3.320011596680e+02 -1.701186597347e-02
3.320001831055e+02 -3.011060319841e-02
3.319992065430e+02 -2.848958596587e-02
3.319982299805e+02 -3.443904966116e-02
3.319972534180e+02 -3.716435283422e-02
3.319962768555e+02 -3.378317877650e-02
3.319953002930e+02 -4.010488837957e-02
3.319943237305e+02 -3.914253786206e-02
3.319933471680e+02 -3.719853609800e-02
3.319923706055e+02 -2.768792025745e-02
3.319913940430e+02 -3.564004972577e-02
3.319904174805e+02 -3.808267787099e-02
3.319894409180e+02 -2.692414447665e-02
3.319884643555e+02 -2.464424073696e-02
3.319874877930e+02 -1.507628988475e-02
3.319865112305e+02 -2.211852464825e-03
3.319855346680e+02 2.594651281834e-02
3.319845581055e+02 4.594327509403e-02
3.319835815430e+02 6.313746422529e-02
3.319826049805e+02 1.234762072563e-01
3.319816284180e+02 1.862375885248e-01
3.319806518555e+02 1.938901841640e-01
3.319796752930e+02 2.206237465143e-01
3.319786987305e+02 2.011810243130e-01
3.319777221680e+02 1.691090315580e-01
3.319767456055e+02 1.273227930069e-01
3.319757690430e+02 7.383274286985e-02
3.319747924805e+02 2.439308725297e-02
3.319738159180e+02 -3.210889548063e-02
3.319728393555e+02 -6.475999951363e-02
3.319718627930e+02 -9.771736711264e-02
3.319708862305e+02 -1.185089424253e-01
3.319699096680e+02 -1.222730427980e-01
3.319689331055e+02 -1.615504771471e-01
3.319679565430e+02 -1.597967892885e-01
3.319669799805e+02 -1.298767328262e-01
3.319660034180e+02 -1.161372140050e-01
3.319650268555e+02 -1.180176362395e-01
3.319640502930e+02 -9.545858204365e-02
3.319630737305e+02 -7.988177984953e-02
3.319620971680e+02 -5.180988833308e-02
3.319611206055e+02 -3.746263682842e-02
3.319601440430e+02 -5.457460507751e-02
3.319591674805e+02 -4.658882319927e-02
3.319581909180e+02 -3.667584806681e-02
3.319572143555e+02 -3.099756874144e-02
3.319562377930e+02 -3.495001792908e-02
3.319552917480e+02 -1.904219575226e-02
3.319543151855e+02 -3.044690005481e-02
3.319533386230e+02 -1.788826100528e-02
3.319523620605e+02 -2.997673489153e-02
3.319513854980e+02 -3.153285384178e-02
3.319504089355e+02 -4.206413403153e-02
3.319494323730e+02 -3.177220746875e-02
3.319484558105e+02 -2.493618056178e-02
3.319474792480e+02 -1.445205044001e-02
3.319465026855e+02 -9.692223742604e-03
3.319455261230e+02 -5.597749724984e-03
3.319445495605e+02 4.444405436516e-03
3.319435729980e+02 2.788854390383e-02
3.319425964355e+02 1.729843951762e-02
3.319416198730e+02 2.282102964818e-02
3.319406433105e+02 -8.884250186384e-03
3.319396667480e+02 -2.882101945579e-02
3.319386901855e+02 -1.193978544325e-02
3.319377136230e+02 -3.199963271618e-02
3.319367370605e+02 -5.802792683244e-02
3.319357604980e+02 -4.957890883088e-02
3.319347839355e+02 -5.620182678103e-02
3.319338073730e+02 -5.868871137500e-02
3.319328308105e+02 -4.867262393236e-02
3.319318542480e+02 -5.900198966265e-02
3.319308776855e+02 -5.922524258494e-02
3.319299011230e+02 -5.620290711522e-02
3.319289245605e+02 -4.986831173301e-02
3.319279479980e+02 -4.301822185516e-02
3.319269714355e+02 -6.205944716930e-02
3.319259948730e+02 -5.899107456207e-02
3.319250183105e+02 -4.074597731233e-02
3.319240417480e+02 -3.235740214586e-02
3.319230651855e+02 -4.284334555268e-02
3.319220886230e+02 -1.648516021669e-02
3.319211120605e+02 7.589260581881e-03
3.319201354980e+02 3.347007930279e-02
3.319191589355e+02 8.187333494425e-02
3.319181823730e+02 1.464932709932e-01
3.319172058105e+02 2.010659724474e-01
3.319162292480e+02 2.481816411018e-01
3.319152526855e+02 2.944335937500e-01
3.319142761230e+02 3.372229337692e-01
3.319132995605e+02 3.613927960396e-01
3.319123229980e+02 3.465639948845e-01
3.319113464355e+02 3.137780427933e-01
3.319103698730e+02 0.000000000000e+00
3.319093933105e+02 0.000000000000e+00
